pre_test_note_1,,,,,
mass (g),500.0,,,,
position (cm),15.0,,,,
==================================================================
Time,Strain 1,Strain 11,Strain 2,Strain 3,Current Time
0.0,-0.0140380859375,-0.0140380859375,0.1214599609375,-0.0970458984375,17:04:46.209690
0.004044000000000381,-0.0152587890625,-0.0152587890625,0.1214599609375,-0.096435546875,17:04:46.210701
0.00807600000000086,-0.013427734375,-0.013427734375,0.1214599609375,-0.096435546875,17:04:46.210701
0.012131999999999366,-0.0146484375,-0.0146484375,0.1220703125,-0.0958251953125,17:04:46.211702
0.016180000000000305,-0.0146484375,-0.0146484375,0.1226806640625,-0.096435546875,17:04:46.218842
0.020224000000000686,-0.013427734375,-0.013427734375,0.1220703125,-0.0958251953125,17:04:46.219854
0.02427199999999985,-0.0140380859375,-0.0140380859375,0.1220703125,-0.0958251953125,17:04:46.220852
0.028323999999999572,-0.0140380859375,-0.0140380859375,0.1220703125,-0.0958251953125,17:04:46.220852
0.03237200000000051,-0.0152587890625,-0.0152587890625,0.1214599609375,-0.096435546875,17:04:46.221849
0.036431999999999576,-0.0140380859375,-0.0140380859375,0.1220703125,-0.09521484375,17:04:46.221849
0.0404719999999994,-0.0146484375,-0.0146484375,0.1220703125,-0.0946044921875,17:04:46.222849
0.044524000000000896,-0.0152587890625,-0.0152587890625,0.1214599609375,-0.0958251953125,17:04:46.222849
0.04857600000000062,-0.0146484375,-0.0146484375,0.1220703125,-0.0958251953125,17:04:46.222849
0.05262399999999978,-0.0152587890625,-0.0152587890625,0.1226806640625,-0.0970458984375,17:04:46.223849
0.05667200000000072,-0.0146484375,-0.0146484375,0.1226806640625,-0.0958251953125,17:04:46.223849
0.06071200000000054,-0.013427734375,-0.013427734375,0.1214599609375,-0.096435546875,17:04:46.223849
0.06477199999999961,-0.0152587890625,-0.0152587890625,0.1214599609375,-0.0958251953125,17:04:46.224848
0.06881599999999999,-0.013427734375,-0.013427734375,0.1214599609375,-0.0958251953125,17:04:46.224848
0.07287200000000027,-0.0146484375,-0.0146484375,0.1220703125,-0.0946044921875,17:04:46.224848
0.07691999999999943,-0.0140380859375,-0.0140380859375,0.1214599609375,-0.09521484375,17:04:46.224848
0.08097200000000093,-0.0140380859375,-0.0140380859375,0.120849609375,-0.09521484375,17:04:46.224848
0.0850200000000001,-0.0128173828125,-0.0128173828125,0.1214599609375,-0.0958251953125,17:04:46.225847
0.08906400000000048,-0.0140380859375,-0.0140380859375,0.120849609375,-0.0958251953125,17:04:46.225847
0.0931040000000003,-0.013427734375,-0.013427734375,0.120849609375,-0.096435546875,17:04:46.225847
0.09714400000000012,-0.013427734375,-0.013427734375,0.1226806640625,-0.09521484375,17:04:46.225847
0.10119200000000106,-0.0140380859375,-0.0140380859375,0.1214599609375,-0.096435546875,17:04:46.225847
0.10524000000000022,-0.0140380859375,-0.0140380859375,0.1214599609375,-0.096435546875,17:04:46.226847
0.1092840000000006,-0.0152587890625,-0.0152587890625,0.1214599609375,-0.0958251953125,17:04:46.226847
0.11333199999999977,-0.0146484375,-0.0146484375,0.1226806640625,-0.0958251953125,17:04:46.226847
0.11738399999999949,-0.0152587890625,-0.0152587890625,0.1220703125,-0.09521484375,17:04:46.226847
0.12142799999999987,-0.0146484375,-0.0146484375,0.1226806640625,-0.096435546875,17:04:46.226847
0.1254799999999996,-0.0146484375,-0.0146484375,0.123291015625,-0.09521484375,17:04:46.226847
0.1295199999999994,-0.0146484375,-0.0146484375,0.1214599609375,-0.096435546875,17:04:46.227846
0.1335759999999997,-0.0140380859375,-0.0140380859375,0.1214599609375,-0.09521484375,17:04:46.227846
0.13762799999999942,-0.0146484375,-0.0146484375,0.1226806640625,-0.09521484375,17:04:46.227846
0.14168000000000092,-0.0146484375,-0.0146484375,0.120849609375,-0.09521484375,17:04:46.227846
0.14572800000000008,-0.0140380859375,-0.0140380859375,0.1214599609375,-0.0946044921875,17:04:46.227846
0.14978800000000092,-0.0146484375,-0.0146484375,0.1220703125,-0.0958251953125,17:04:46.227846
0.15384799999999998,-0.0146484375,-0.0146484375,0.123291015625,-0.09521484375,17:04:46.227846
0.15789600000000092,-0.0146484375,-0.0146484375,0.120849609375,-0.0958251953125,17:04:46.228846
0.16194800000000065,-0.013427734375,-0.013427734375,0.1214599609375,-0.0970458984375,17:04:46.228846
0.16598800000000047,-0.0152587890625,-0.0152587890625,0.1226806640625,-0.096435546875,17:04:46.228846
0.1700280000000003,-0.015869140625,-0.015869140625,0.1220703125,-0.09521484375,17:04:46.228846
0.17406399999999955,-0.013427734375,-0.013427734375,0.1220703125,-0.09521484375,17:04:46.228846
0.17809600000000003,-0.0140380859375,-0.0140380859375,0.1214599609375,-0.0958251953125,17:04:46.228846
0.1821400000000004,-0.0140380859375,-0.0140380859375,0.1220703125,-0.0946044921875,17:04:46.229846
0.1861960000000007,-0.013427734375,-0.013427734375,0.1220703125,-0.0946044921875,17:04:46.229846
0.19023600000000052,-0.0140380859375,-0.0140380859375,0.1220703125,-0.0958251953125,17:04:46.229846
0.19428399999999968,-0.0140380859375,-0.0140380859375,0.1214599609375,-0.0958251953125,17:04:46.229846
0.19832800000000006,-0.0140380859375,-0.0140380859375,0.1220703125,-0.09521484375,17:04:46.229846
0.20237999999999978,-0.0140380859375,-0.0140380859375,0.1214599609375,-0.096435546875,17:04:46.229846
0.20643600000000006,-0.0146484375,-0.0146484375,0.1214599609375,-0.0958251953125,17:04:46.229846
0.210484000000001,-0.0128173828125,-0.0128173828125,0.1220703125,-0.0958251953125,17:04:46.230846
0.21453200000000017,-0.0140380859375,-0.0140380859375,0.1226806640625,-0.096435546875,17:04:46.230846
0.2185839999999999,-0.0140380859375,-0.0140380859375,0.1220703125,-0.0946044921875,17:04:46.230846
0.22264000000000017,-0.0140380859375,-0.0140380859375,0.1220703125,-0.09521484375,17:04:46.230846
0.22668799999999933,-0.0152587890625,-0.0152587890625,0.1214599609375,-0.096435546875,17:04:46.230846
0.23074000000000083,-0.0140380859375,-0.0140380859375,0.1226806640625,-0.096435546875,17:04:46.230846
0.234788,-0.0146484375,-0.0146484375,0.1220703125,-0.0958251953125,17:04:46.231846
0.23884800000000084,-0.0140380859375,-0.0140380859375,0.1226806640625,-0.09521484375,17:04:46.231846
0.24290000000000056,-0.0146484375,-0.0146484375,0.1226806640625,-0.096435546875,17:04:46.231846
0.24695600000000084,-0.013427734375,-0.013427734375,0.1220703125,-0.0946044921875,17:04:46.231846
0.25101199999999935,-0.015869140625,-0.015869140625,0.1220703125,-0.0958251953125,17:04:46.231846
0.25506400000000085,-0.0140380859375,-0.0140380859375,0.1226806640625,-0.096435546875,17:04:46.231846
0.259112,-0.0146484375,-0.0146484375,0.123291015625,-0.096435546875,17:04:46.231846
0.2631560000000004,-0.0140380859375,-0.0140380859375,0.1220703125,-0.0958251953125,17:04:46.232846
0.2672080000000001,-0.0146484375,-0.0146484375,0.1226806640625,-0.0970458984375,17:04:46.232846
0.27123600000000003,-0.0152587890625,-0.0152587890625,0.1226806640625,-0.0946044921875,17:04:46.232846
0.2752920000000003,-0.0140380859375,-0.0140380859375,0.1214599609375,-0.0958251953125,17:04:46.232846
0.27933200000000014,-0.0152587890625,-0.0152587890625,0.1214599609375,-0.096435546875,17:04:46.232846
0.2833800000000011,-0.0140380859375,-0.0140380859375,0.123291015625,-0.0946044921875,17:04:46.232846
0.2874239999999997,-0.0146484375,-0.0146484375,0.1214599609375,-0.096435546875,17:04:46.233846
0.2914759999999994,-0.0152587890625,-0.0152587890625,0.1220703125,-0.0958251953125,17:04:46.233846
0.2955319999999997,-0.0140380859375,-0.0140380859375,0.1226806640625,-0.09521484375,17:04:46.233846
0.29958799999999997,-0.0140380859375,-0.0140380859375,0.1214599609375,-0.0958251953125,17:04:46.233846
0.3036279999999998,-0.0146484375,-0.0146484375,0.1214599609375,-0.09521484375,17:04:46.233846
0.30768400000000007,-0.0146484375,-0.0146484375,0.1214599609375,-0.09521484375,17:04:46.233846
0.31174000000000035,-0.013427734375,-0.013427734375,0.1226806640625,-0.09521484375,17:04:46.233846
0.3157920000000001,-0.0140380859375,-0.0140380859375,0.120849609375,-0.0958251953125,17:04:46.234846
0.3198439999999998,-0.0128173828125,-0.0128173828125,0.1220703125,-0.0946044921875,17:04:46.234846
0.3238839999999996,-0.0140380859375,-0.0140380859375,0.1214599609375,-0.096435546875,17:04:46.234846
0.32794400000000046,-0.0152587890625,-0.0152587890625,0.1220703125,-0.0970458984375,17:04:46.234846
0.3319960000000002,-0.0146484375,-0.0146484375,0.1214599609375,-0.09765625,17:04:46.234846
0.336056000000001,-0.0152587890625,-0.0152587890625,0.1214599609375,-0.0958251953125,17:04:46.234846
0.3401040000000002,-0.0140380859375,-0.0140380859375,0.1220703125,-0.096435546875,17:04:46.235846
0.34414800000000056,-0.0140380859375,-0.0140380859375,0.1220703125,-0.096435546875,17:04:46.235846
0.3482000000000003,-0.013427734375,-0.013427734375,0.1226806640625,-0.09521484375,17:04:46.235846
0.35224400000000067,-0.0146484375,-0.0146484375,0.1220703125,-0.0958251953125,17:04:46.235846
0.3562840000000005,-0.0146484375,-0.0146484375,0.1220703125,-0.0958251953125,17:04:46.235846
0.3603240000000003,-0.0146484375,-0.0146484375,0.1226806640625,-0.0946044921875,17:04:46.235846
0.3643800000000006,-0.0146484375,-0.0146484375,0.1214599609375,-0.0958251953125,17:04:46.236846
0.36842799999999976,-0.0152587890625,-0.0152587890625,0.1214599609375,-0.0958251953125,17:04:46.236846
0.3724760000000007,-0.0146484375,-0.0146484375,0.1202392578125,-0.0946044921875,17:04:46.236846
0.3765200000000011,-0.0146484375,-0.0146484375,0.1220703125,-0.09521484375,17:04:46.236846
0.3805720000000008,-0.0146484375,-0.0146484375,0.1226806640625,-0.096435546875,17:04:46.236846
0.38461999999999996,-0.0146484375,-0.0146484375,0.1214599609375,-0.0970458984375,17:04:46.236846
0.38867600000000024,-0.0140380859375,-0.0140380859375,0.1214599609375,-0.096435546875,17:04:46.236846
0.39272799999999997,-0.0140380859375,-0.0140380859375,0.1214599609375,-0.096435546875,17:04:46.237846
0.3967760000000009,-0.0140380859375,-0.0140380859375,0.1226806640625,-0.0958251953125,17:04:46.237846
0.4008319999999994,-0.0152587890625,-0.0152587890625,0.1226806640625,-0.0970458984375,17:04:46.237846
0.4048759999999998,-0.0140380859375,-0.0140380859375,0.1214599609375,-0.0958251953125,17:04:46.237846
0.40892000000000017,-0.0140380859375,-0.0140380859375,0.1214599609375,-0.0958251953125,17:04:46.237846
0.41296799999999934,-0.0140380859375,-0.0140380859375,0.1226806640625,-0.0958251953125,17:04:46.237846
0.4170280000000002,-0.0146484375,-0.0146484375,0.1202392578125,-0.096435546875,17:04:46.237846
0.4210799999999999,-0.0146484375,-0.0146484375,0.123291015625,-0.096435546875,17:04:46.238846
0.4251319999999996,-0.0140380859375,-0.0140380859375,0.1214599609375,-0.09521484375,17:04:46.238846
0.42917199999999944,-0.0140380859375,-0.0140380859375,0.1226806640625,-0.09521484375,17:04:46.238846
0.43321200000000104,-0.0146484375,-0.0146484375,0.1214599609375,-0.0958251953125,17:04:46.238846
0.43725200000000086,-0.0140380859375,-0.0140380859375,0.120849609375,-0.0958251953125,17:04:46.238846
0.4412920000000007,-0.0140380859375,-0.0140380859375,0.1214599609375,-0.09521484375,17:04:46.238846
0.4453320000000005,-0.0140380859375,-0.0140380859375,0.1214599609375,-0.0958251953125,17:04:46.238846
0.44937999999999967,-0.0146484375,-0.0146484375,0.1220703125,-0.09521484375,17:04:46.239846
0.4534280000000006,-0.0152587890625,-0.0152587890625,0.1214599609375,-0.0958251953125,17:04:46.239846
0.45747599999999977,-0.0140380859375,-0.0140380859375,0.1214599609375,-0.0946044921875,17:04:46.239846
0.46152000000000015,-0.0146484375,-0.0146484375,0.1226806640625,-0.0958251953125,17:04:46.239846
0.4655719999999999,-0.0152587890625,-0.0152587890625,0.1220703125,-0.09521484375,17:04:46.239846
0.4696200000000008,-0.0140380859375,-0.0140380859375,0.1220703125,-0.0958251953125,17:04:46.239846
0.47367200000000054,-0.0146484375,-0.0146484375,0.1226806640625,-0.09521484375,17:04:46.239846
0.4777199999999997,-0.0140380859375,-0.0140380859375,0.1214599609375,-0.0958251953125,17:04:46.240847
0.48176800000000064,-0.0140380859375,-0.0140380859375,0.1226806640625,-0.0946044921875,17:04:46.240847
0.4858240000000009,-0.0140380859375,-0.0140380859375,0.1226806640625,-0.096435546875,17:04:46.240847
0.48987600000000064,-0.0140380859375,-0.0140380859375,0.1226806640625,-0.096435546875,17:04:46.240847
0.4939239999999998,-0.0146484375,-0.0146484375,0.120849609375,-0.09521484375,17:04:46.240847
0.49797599999999953,-0.0146484375,-0.0146484375,0.1226806640625,-0.0958251953125,17:04:46.240847
0.5020240000000005,-0.0146484375,-0.0146484375,0.1220703125,-0.0958251953125,17:04:46.240847
0.5060760000000002,-0.0146484375,-0.0146484375,0.1214599609375,-0.0946044921875,17:04:46.240847
0.510136000000001,-0.0152587890625,-0.0152587890625,0.1220703125,-0.096435546875,17:04:46.241846
0.5141840000000002,-0.0146484375,-0.0146484375,0.1214599609375,-0.09521484375,17:04:46.241846
0.5182359999999999,-0.0140380859375,-0.0140380859375,0.1214599609375,-0.0958251953125,17:04:46.241846
0.5222759999999997,-0.0146484375,-0.0146484375,0.1214599609375,-0.09521484375,17:04:46.241846
0.5263120000000008,-0.0140380859375,-0.0140380859375,0.1226806640625,-0.096435546875,17:04:46.241846
0.5303520000000006,-0.0146484375,-0.0146484375,0.1226806640625,-0.09521484375,17:04:46.241846
0.5343879999999999,-0.013427734375,-0.013427734375,0.123291015625,-0.09521484375,17:04:46.241846
0.5384399999999996,-0.0146484375,-0.0146484375,0.1214599609375,-0.0946044921875,17:04:46.242846
0.542484,-0.0146484375,-0.0146484375,0.123291015625,-0.0946044921875,17:04:46.242846
0.5465320000000009,-0.013427734375,-0.013427734375,0.1214599609375,-0.0946044921875,17:04:46.242846
0.5505800000000001,-0.0140380859375,-0.0140380859375,0.123291015625,-0.0958251953125,17:04:46.242846
0.554628000000001,-0.0146484375,-0.0146484375,0.1226806640625,-0.0958251953125,17:04:46.242846
0.5586839999999995,-0.0140380859375,-0.0140380859375,0.1220703125,-0.0946044921875,17:04:46.242846
0.562736000000001,-0.0140380859375,-0.0140380859375,0.1220703125,-0.09521484375,17:04:46.242846
0.5667840000000002,-0.0146484375,-0.0146484375,0.1220703125,-0.096435546875,17:04:46.243846
0.5708359999999999,-0.0146484375,-0.0146484375,0.1226806640625,-0.096435546875,17:04:46.243846
0.5748920000000002,-0.013427734375,-0.013427734375,0.1214599609375,-0.0958251953125,17:04:46.243846
0.5789439999999999,-0.0140380859375,-0.0140380859375,0.123291015625,-0.0958251953125,17:04:46.243846
0.5829920000000008,-0.0152587890625,-0.0152587890625,0.1220703125,-0.0958251953125,17:04:46.243846
0.5870440000000006,-0.0146484375,-0.0146484375,0.1220703125,-0.09521484375,17:04:46.243846
0.5911000000000008,-0.0140380859375,-0.0140380859375,0.123291015625,-0.096435546875,17:04:46.243846
0.5951559999999994,-0.0140380859375,-0.0140380859375,0.1220703125,-0.09521484375,17:04:46.243846
0.5992080000000009,-0.0146484375,-0.0146484375,0.120849609375,-0.0958251953125,17:04:46.244846
0.6032600000000006,-0.0140380859375,-0.0140380859375,0.1220703125,-0.096435546875,17:04:46.244846
0.6073079999999997,-0.0140380859375,-0.0140380859375,0.1220703125,-0.0958251953125,17:04:46.244846
0.6113479999999996,-0.013427734375,-0.013427734375,0.1202392578125,-0.0958251953125,17:04:46.244846
0.6153919999999999,-0.013427734375,-0.013427734375,0.1220703125,-0.0958251953125,17:04:46.244846
0.6194240000000004,-0.0140380859375,-0.0140380859375,0.1214599609375,-0.096435546875,17:04:46.244846
0.6234680000000008,-0.01220703125,-0.01220703125,0.1220703125,-0.0958251953125,17:04:46.244846
0.627516,-0.0152587890625,-0.0152587890625,0.1214599609375,-0.096435546875,17:04:46.244846
0.6315640000000009,-0.0140380859375,-0.0140380859375,0.1226806640625,-0.0958251953125,17:04:46.245846
0.6356079999999995,-0.0146484375,-0.0146484375,0.1220703125,-0.09521484375,17:04:46.245846
0.639660000000001,-0.0146484375,-0.0146484375,0.123291015625,-0.09521484375,17:04:46.245846
0.6437120000000007,-0.013427734375,-0.013427734375,0.1220703125,-0.0958251953125,17:04:46.245846
0.647768000000001,-0.0146484375,-0.0146484375,0.1220703125,-0.09521484375,17:04:46.245846
0.6518160000000002,-0.0146484375,-0.0146484375,0.1226806640625,-0.0958251953125,17:04:46.245846
0.6558639999999993,-0.0146484375,-0.0146484375,0.1214599609375,-0.09521484375,17:04:46.245846
0.6599199999999996,-0.013427734375,-0.013427734375,0.1220703125,-0.0958251953125,17:04:46.246846
0.6639719999999993,-0.0140380859375,-0.0140380859375,0.1214599609375,-0.09521484375,17:04:46.246846
0.6680240000000008,-0.013427734375,-0.013427734375,0.1214599609375,-0.096435546875,17:04:46.246846
0.6720640000000007,-0.0146484375,-0.0146484375,0.1220703125,-0.0958251953125,17:04:46.246846
0.6761119999999998,-0.0140380859375,-0.0140380859375,0.1226806640625,-0.09521484375,17:04:46.246846
0.6801680000000001,-0.013427734375,-0.013427734375,0.1220703125,-0.0958251953125,17:04:46.246846
0.684228000000001,-0.0128173828125,-0.0128173828125,0.1214599609375,-0.0946044921875,17:04:46.246846
0.6882760000000001,-0.013427734375,-0.013427734375,0.1220703125,-0.0958251953125,17:04:46.246846
0.692324000000001,-0.013427734375,-0.013427734375,0.1226806640625,-0.09521484375,17:04:46.247846
0.6963799999999996,-0.0140380859375,-0.0140380859375,0.1214599609375,-0.09521484375,17:04:46.247846
0.7004280000000005,-0.013427734375,-0.013427734375,0.1226806640625,-0.096435546875,17:04:46.247846
0.7044800000000002,-0.0146484375,-0.0146484375,0.120849609375,-0.0958251953125,17:04:46.247846
0.70852,-0.0152587890625,-0.0152587890625,0.120849609375,-0.0970458984375,17:04:46.247846
0.7125640000000004,-0.0140380859375,-0.0140380859375,0.1226806640625,-0.096435546875,17:04:46.247846
0.7166160000000001,-0.013427734375,-0.013427734375,0.1220703125,-0.096435546875,17:04:46.247846
0.7206639999999993,-0.013427734375,-0.013427734375,0.1220703125,-0.09521484375,17:04:46.248846
0.7247079999999997,-0.0152587890625,-0.0152587890625,0.1220703125,-0.0958251953125,17:04:46.248846
0.7287560000000006,-0.013427734375,-0.013427734375,0.1220703125,-0.09521484375,17:04:46.248846
0.7328039999999998,-0.0140380859375,-0.0140380859375,0.1202392578125,-0.0970458984375,17:04:46.248846
0.7368640000000006,-0.0146484375,-0.0146484375,0.1220703125,-0.09521484375,17:04:46.248846
0.7409119999999998,-0.0152587890625,-0.0152587890625,0.1220703125,-0.0958251953125,17:04:46.248846
0.7449600000000007,-0.0140380859375,-0.0140380859375,0.1214599609375,-0.0946044921875,17:04:46.248846
0.7490120000000005,-0.0152587890625,-0.0152587890625,0.1214599609375,-0.09521484375,17:04:46.249847
0.7530680000000007,-0.0152587890625,-0.0152587890625,0.120849609375,-0.0958251953125,17:04:46.249847
0.7571320000000004,-0.0140380859375,-0.0140380859375,0.1226806640625,-0.0958251953125,17:04:46.249847
0.7611799999999995,-0.0146484375,-0.0146484375,0.1220703125,-0.0958251953125,17:04:46.249847
0.765232000000001,-0.0152587890625,-0.0152587890625,0.1220703125,-0.096435546875,17:04:46.249847
0.7692879999999995,-0.0140380859375,-0.0140380859375,0.1220703125,-0.0958251953125,17:04:46.249847
0.7733439999999998,-0.0146484375,-0.0146484375,0.1220703125,-0.0958251953125,17:04:46.249847
0.7774000000000001,-0.0140380859375,-0.0140380859375,0.1220703125,-0.09521484375,17:04:46.249847
0.781448000000001,-0.0140380859375,-0.0140380859375,0.1220703125,-0.0946044921875,17:04:46.250846
0.7854960000000002,-0.0146484375,-0.0146484375,0.1214599609375,-0.0958251953125,17:04:46.250846
0.789536,-0.0140380859375,-0.0140380859375,0.120849609375,-0.096435546875,17:04:46.250846
0.793584000000001,-0.0140380859375,-0.0140380859375,0.1220703125,-0.09521484375,17:04:46.250846
0.7976240000000008,-0.0140380859375,-0.0140380859375,0.1226806640625,-0.0958251953125,17:04:46.250846
0.8016640000000006,-0.0152587890625,-0.0152587890625,0.1220703125,-0.0946044921875,17:04:46.250846
0.8057200000000009,-0.0146484375,-0.0146484375,0.1214599609375,-0.0958251953125,17:04:46.250846
0.8097600000000007,-0.0152587890625,-0.0152587890625,0.1226806640625,-0.0970458984375,17:04:46.251846
0.8138039999999993,-0.013427734375,-0.013427734375,0.1214599609375,-0.0958251953125,17:04:46.251846
0.8178520000000002,-0.0146484375,-0.0146484375,0.1214599609375,-0.0946044921875,17:04:46.251846
0.8218999999999994,-0.0146484375,-0.0146484375,0.1220703125,-0.0958251953125,17:04:46.251846
0.8259559999999997,-0.0140380859375,-0.0140380859375,0.1202392578125,-0.09521484375,17:04:46.251846
0.8300079999999994,-0.015869140625,-0.015869140625,0.1220703125,-0.0958251953125,17:04:46.251846
0.8340560000000004,-0.0152587890625,-0.0152587890625,0.120849609375,-0.09521484375,17:04:46.251846
0.8381080000000001,-0.0140380859375,-0.0140380859375,0.1220703125,-0.09521484375,17:04:46.251846
0.8421680000000009,-0.0146484375,-0.0146484375,0.1214599609375,-0.0946044921875,17:04:46.252846
0.8462239999999994,-0.0146484375,-0.0146484375,0.1220703125,-0.0958251953125,17:04:46.252846
0.8502720000000004,-0.0140380859375,-0.0140380859375,0.1220703125,-0.0970458984375,17:04:46.252846
0.8543120000000002,-0.0140380859375,-0.0140380859375,0.1226806640625,-0.0958251953125,17:04:46.252846
0.858372000000001,-0.0140380859375,-0.0140380859375,0.1214599609375,-0.096435546875,17:04:46.252846
0.8624240000000007,-0.0140380859375,-0.0140380859375,0.1226806640625,-0.096435546875,17:04:46.252846
0.866480000000001,-0.0140380859375,-0.0140380859375,0.1220703125,-0.0958251953125,17:04:46.252846
0.8705280000000002,-0.0152587890625,-0.0152587890625,0.123291015625,-0.0958251953125,17:04:46.253846
0.8745799999999999,-0.0146484375,-0.0146484375,0.1226806640625,-0.0958251953125,17:04:46.253846
0.8786319999999996,-0.0152587890625,-0.0152587890625,0.1226806640625,-0.0958251953125,17:04:46.253846
0.882676,-0.0146484375,-0.0146484375,0.1226806640625,-0.0958251953125,17:04:46.253846
0.8867080000000005,-0.0140380859375,-0.0140380859375,0.120849609375,-0.096435546875,17:04:46.253846
0.8907520000000009,-0.0152587890625,-0.0152587890625,0.1214599609375,-0.096435546875,17:04:46.253846
0.8948079999999994,-0.0146484375,-0.0146484375,0.1220703125,-0.0958251953125,17:04:46.253846
0.898848000000001,-0.013427734375,-0.013427734375,0.1220703125,-0.09521484375,17:04:46.253846
0.9028919999999996,-0.013427734375,-0.013427734375,0.1220703125,-0.09521484375,17:04:46.254846
0.9069400000000005,-0.013427734375,-0.013427734375,0.1226806640625,-0.096435546875,17:04:46.254846
0.9109879999999997,-0.0146484375,-0.0146484375,0.1214599609375,-0.09521484375,17:04:46.254846
0.915044,-0.0140380859375,-0.0140380859375,0.1214599609375,-0.0958251953125,17:04:46.254846
0.9190959999999997,-0.013427734375,-0.013427734375,0.1220703125,-0.096435546875,17:04:46.254846
0.9231359999999995,-0.0146484375,-0.0146484375,0.1220703125,-0.0958251953125,17:04:46.254846
0.9271799999999999,-0.013427734375,-0.013427734375,0.1220703125,-0.096435546875,17:04:46.254846
0.9312360000000002,-0.0146484375,-0.0146484375,0.1214599609375,-0.0946044921875,17:04:46.255846
0.9352839999999993,-0.0140380859375,-0.0140380859375,0.1220703125,-0.0970458984375,17:04:46.255846
0.9393360000000008,-0.0140380859375,-0.0140380859375,0.1220703125,-0.0958251953125,17:04:46.255846
0.9433959999999999,-0.0146484375,-0.0146484375,0.123291015625,-0.0970458984375,17:04:46.255846
0.9474440000000008,-0.0146484375,-0.0146484375,0.1202392578125,-0.0970458984375,17:04:46.255846
0.9514999999999993,-0.015869140625,-0.015869140625,0.1214599609375,-0.0970458984375,17:04:46.255846
0.9555480000000003,-0.0140380859375,-0.0140380859375,0.1220703125,-0.096435546875,17:04:46.255846
0.9595959999999994,-0.0140380859375,-0.0140380859375,0.1202392578125,-0.0958251953125,17:04:46.255846
0.963648000000001,-0.0128173828125,-0.0128173828125,0.1226806640625,-0.0958251953125,17:04:46.256846
0.9676880000000008,-0.0146484375,-0.0146484375,0.1220703125,-0.09521484375,17:04:46.256846
0.9717280000000006,-0.0146484375,-0.0146484375,0.1214599609375,-0.096435546875,17:04:46.256846
0.9757680000000004,-0.0146484375,-0.0146484375,0.1220703125,-0.0958251953125,17:04:46.256846
0.9798279999999995,-0.0146484375,-0.0146484375,0.1226806640625,-0.0958251953125,17:04:46.256846
0.983880000000001,-0.013427734375,-0.013427734375,0.1214599609375,-0.0958251953125,17:04:46.256846
0.9879239999999996,-0.0140380859375,-0.0140380859375,0.1220703125,-0.09521484375,17:04:46.256846
0.9919720000000005,-0.0152587890625,-0.0152587890625,0.1220703125,-0.09521484375,17:04:46.257846
0.9960199999999997,-0.0152587890625,-0.0152587890625,0.1226806640625,-0.096435546875,17:04:46.257846
1.0000680000000006,-0.0140380859375,-0.0140380859375,0.1220703125,-0.0958251953125,17:04:46.257846
1.004124000000001,-0.0140380859375,-0.0140380859375,0.1214599609375,-0.096435546875,17:04:46.257846
1.0081760000000006,-0.0146484375,-0.0146484375,0.1220703125,-0.09521484375,17:04:46.257846
1.0122239999999998,-0.0146484375,-0.0146484375,0.1214599609375,-0.0958251953125,17:04:46.257846
1.0162759999999995,-0.0146484375,-0.0146484375,0.1226806640625,-0.09521484375,17:04:46.257846
1.0203319999999998,-0.0140380859375,-0.0140380859375,0.1214599609375,-0.09521484375,17:04:46.257846
1.0243959999999994,-0.0146484375,-0.0146484375,0.1220703125,-0.0958251953125,17:04:46.258846
1.0284440000000004,-0.0140380859375,-0.0140380859375,0.1220703125,-0.096435546875,17:04:46.258846
1.0324880000000007,-0.0140380859375,-0.0140380859375,0.1214599609375,-0.09521484375,17:04:46.258846
1.036544000000001,-0.013427734375,-0.013427734375,0.1226806640625,-0.0958251953125,17:04:46.258846
1.0405920000000002,-0.0152587890625,-0.0152587890625,0.1220703125,-0.096435546875,17:04:46.258846
1.044644,-0.015869140625,-0.015869140625,0.120849609375,-0.09521484375,17:04:46.258846
1.0486920000000008,-0.0146484375,-0.0146484375,0.1214599609375,-0.096435546875,17:04:46.260886
1.0527440000000006,-0.0146484375,-0.0146484375,0.1214599609375,-0.09521484375,17:04:46.264330
1.0567919999999997,-0.0146484375,-0.0146484375,0.1220703125,-0.09521484375,17:04:46.268865
1.0608360000000001,-0.0146484375,-0.0146484375,0.120849609375,-0.0958251953125,17:04:46.272885
1.064876,-0.0152587890625,-0.0152587890625,0.120849609375,-0.096435546875,17:04:46.276599
1.0689240000000009,-0.015869140625,-0.015869140625,0.1226806640625,-0.0958251953125,17:04:46.280498
1.0729799999999994,-0.0146484375,-0.0146484375,0.1226806640625,-0.0958251953125,17:04:46.285150
1.077020000000001,-0.0140380859375,-0.0140380859375,0.1214599609375,-0.0958251953125,17:04:46.289084
1.0810639999999996,-0.0140380859375,-0.0140380859375,0.1220703125,-0.0958251953125,17:04:46.293232
1.0851120000000005,-0.015869140625,-0.015869140625,0.1214599609375,-0.0946044921875,17:04:46.297090
1.0891640000000002,-0.015869140625,-0.015869140625,0.1214599609375,-0.0970458984375,17:04:46.300094
1.0932200000000005,-0.0146484375,-0.0146484375,0.1226806640625,-0.0958251953125,17:04:46.305448
1.0972600000000003,-0.0140380859375,-0.0140380859375,0.120849609375,-0.0958251953125,17:04:46.309272
1.1013079999999995,-0.0140380859375,-0.0140380859375,0.1214599609375,-0.09521484375,17:04:46.312895
1.1053639999999998,-0.0146484375,-0.0146484375,0.1226806640625,-0.096435546875,17:04:46.316913
1.10942,-0.0146484375,-0.0146484375,0.1214599609375,-0.096435546875,17:04:46.321969
1.1134719999999998,-0.0140380859375,-0.0140380859375,0.1226806640625,-0.09521484375,17:04:46.325913
1.1175239999999995,-0.0140380859375,-0.0140380859375,0.1214599609375,-0.0958251953125,17:04:46.330201
1.1215720000000005,-0.0152587890625,-0.0152587890625,0.1220703125,-0.0958251953125,17:04:46.333740
1.1256240000000002,-0.0146484375,-0.0146484375,0.1220703125,-0.096435546875,17:04:46.337845
1.129676,-0.0140380859375,-0.0140380859375,0.1214599609375,-0.0970458984375,17:04:46.341874
1.1337320000000002,-0.0140380859375,-0.0140380859375,0.1214599609375,-0.09521484375,17:04:46.345839
1.1377799999999993,-0.0140380859375,-0.0140380859375,0.1220703125,-0.096435546875,17:04:46.350726
1.141820000000001,-0.013427734375,-0.013427734375,0.120849609375,-0.0970458984375,17:04:46.355121
1.145868,-0.0146484375,-0.0146484375,0.1220703125,-0.0970458984375,17:04:46.358135
1.1499199999999998,-0.0146484375,-0.0146484375,0.1226806640625,-0.09521484375,17:04:46.362147
1.1539479999999998,-0.0140380859375,-0.0140380859375,0.1220703125,-0.0958251953125,17:04:46.362147
1.1579960000000007,-0.0146484375,-0.0146484375,0.1214599609375,-0.09521484375,17:04:46.366146
1.1620439999999999,-0.0146484375,-0.0146484375,0.1220703125,-0.096435546875,17:04:46.370146
1.1660959999999996,-0.0152587890625,-0.0152587890625,0.1220703125,-0.0958251953125,17:04:46.374794
1.1701440000000005,-0.0140380859375,-0.0140380859375,0.1214599609375,-0.0958251953125,17:04:46.378840
1.1741960000000002,-0.0140380859375,-0.0140380859375,0.1220703125,-0.0958251953125,17:04:46.382941
1.1782439999999994,-0.0140380859375,-0.0140380859375,0.1220703125,-0.0970458984375,17:04:46.386503
1.1822999999999997,-0.0140380859375,-0.0140380859375,0.1220703125,-0.09521484375,17:04:46.391926
1.1863480000000006,-0.0140380859375,-0.0140380859375,0.1214599609375,-0.0958251953125,17:04:46.395239
1.1904000000000003,-0.0140380859375,-0.0140380859375,0.1220703125,-0.096435546875,17:04:46.399358
1.194452,-0.0146484375,-0.0146484375,0.123291015625,-0.0958251953125,17:04:46.403367
1.1985080000000004,-0.0146484375,-0.0146484375,0.1226806640625,-0.0958251953125,17:04:46.408362
1.2025480000000002,-0.0146484375,-0.0146484375,0.1220703125,-0.0958251953125,17:04:46.411362
1.2066,-0.0140380859375,-0.0140380859375,0.120849609375,-0.09521484375,17:04:46.415362
1.2106600000000007,-0.0140380859375,-0.0140380859375,0.1226806640625,-0.09521484375,17:04:46.419361
1.2147199999999998,-0.0140380859375,-0.0140380859375,0.1214599609375,-0.0958251953125,17:04:46.424447
1.2187719999999995,-0.0140380859375,-0.0140380859375,0.123291015625,-0.09521484375,17:04:46.427988
1.2228279999999998,-0.0146484375,-0.0146484375,0.1214599609375,-0.0970458984375,17:04:46.432094
1.2268760000000007,-0.0140380859375,-0.0140380859375,0.123291015625,-0.096435546875,17:04:46.436105
1.230924,-0.0140380859375,-0.0140380859375,0.1214599609375,-0.096435546875,17:04:46.440105
1.2349759999999996,-0.0152587890625,-0.0152587890625,0.120849609375,-0.0958251953125,17:04:46.444106
1.239008,-0.0140380859375,-0.0140380859375,0.1220703125,-0.0958251953125,17:04:46.448469
1.2430520000000005,-0.0140380859375,-0.0140380859375,0.1220703125,-0.0946044921875,17:04:46.452569
1.2470960000000009,-0.0140380859375,-0.0140380859375,0.1226806640625,-0.09521484375,17:04:46.457355
1.251144,-0.0140380859375,-0.0140380859375,0.1220703125,-0.096435546875,17:04:46.460369
1.255192000000001,-0.0146484375,-0.0146484375,0.1220703125,-0.0958251953125,17:04:46.464368
1.2592359999999996,-0.0140380859375,-0.0140380859375,0.1226806640625,-0.0970458984375,17:04:46.469369
1.2632840000000005,-0.0140380859375,-0.0140380859375,0.1220703125,-0.09521484375,17:04:46.473043
1.2673360000000002,-0.0146484375,-0.0146484375,0.1220703125,-0.0958251953125,17:04:46.477144
1.271388,-0.0140380859375,-0.0140380859375,0.123291015625,-0.096435546875,17:04:46.481243
1.2754399999999997,-0.0140380859375,-0.0140380859375,0.1220703125,-0.0958251953125,17:04:46.486135
1.2794799999999995,-0.0146484375,-0.0146484375,0.1214599609375,-0.09521484375,17:04:46.489161
1.283532000000001,-0.0140380859375,-0.0140380859375,0.1214599609375,-0.09521484375,17:04:46.493160
1.2875879999999995,-0.0152587890625,-0.0152587890625,0.1226806640625,-0.096435546875,17:04:46.497160
1.2916360000000005,-0.0146484375,-0.0146484375,0.1220703125,-0.0958251953125,17:04:46.502156
1.2956880000000002,-0.0146484375,-0.0146484375,0.1214599609375,-0.09521484375,17:04:46.505819
1.299748000000001,-0.0140380859375,-0.0140380859375,0.1214599609375,-0.09521484375,17:04:46.509920
1.3037960000000002,-0.0146484375,-0.0146484375,0.1214599609375,-0.0958251953125,17:04:46.514019
1.3078520000000005,-0.0146484375,-0.0146484375,0.1214599609375,-0.09521484375,17:04:46.518559
1.3118999999999996,-0.0152587890625,-0.0152587890625,0.1220703125,-0.0970458984375,17:04:46.522159
1.3159399999999994,-0.0140380859375,-0.0140380859375,0.1220703125,-0.0946044921875,17:04:46.526164
1.319992000000001,-0.0140380859375,-0.0140380859375,0.1214599609375,-0.09521484375,17:04:46.530159
1.32404,-0.0140380859375,-0.0140380859375,0.1214599609375,-0.0958251953125,17:04:46.534165
1.3280840000000005,-0.0146484375,-0.0146484375,0.1214599609375,-0.0958251953125,17:04:46.538595
1.332116000000001,-0.0140380859375,-0.0140380859375,0.1226806640625,-0.09521484375,17:04:46.542694
1.3361719999999995,-0.0140380859375,-0.0140380859375,0.1220703125,-0.09521484375,17:04:46.546793
1.340224000000001,-0.0140380859375,-0.0140380859375,0.1226806640625,-0.0970458984375,17:04:46.551215
1.3442720000000001,-0.0140380859375,-0.0140380859375,0.123291015625,-0.096435546875,17:04:46.554991
1.3483199999999993,-0.0140380859375,-0.0140380859375,0.1220703125,-0.096435546875,17:04:46.558917
1.3523680000000002,-0.0140380859375,-0.0140380859375,0.1220703125,-0.096435546875,17:04:46.563172
1.35642,-0.0140380859375,-0.0140380859375,0.1214599609375,-0.0958251953125,17:04:46.567254
1.3604760000000002,-0.0152587890625,-0.0152587890625,0.1214599609375,-0.0946044921875,17:04:46.571368
1.3645239999999994,-0.0128173828125,-0.0128173828125,0.120849609375,-0.096435546875,17:04:46.575469
1.368576000000001,-0.0140380859375,-0.0140380859375,0.1226806640625,-0.096435546875,17:04:46.579543
1.3726280000000006,-0.0140380859375,-0.0140380859375,0.1214599609375,-0.0946044921875,17:04:46.584207
1.3766759999999998,-0.0146484375,-0.0146484375,0.1220703125,-0.0958251953125,17:04:46.587222
1.3807240000000007,-0.0140380859375,-0.0140380859375,0.1220703125,-0.0946044921875,17:04:46.592222
1.3847640000000006,-0.0140380859375,-0.0140380859375,0.120849609375,-0.0958251953125,17:04:46.596223
1.3888239999999996,-0.0146484375,-0.0146484375,0.1214599609375,-0.0958251953125,17:04:46.600222
1.3928840000000005,-0.013427734375,-0.013427734375,0.1226806640625,-0.09521484375,17:04:46.604120
1.3969400000000007,-0.0140380859375,-0.0140380859375,0.1220703125,-0.0958251953125,17:04:46.608259
1.400988,-0.0128173828125,-0.0128173828125,0.123291015625,-0.096435546875,17:04:46.612316
1.4050360000000008,-0.0140380859375,-0.0140380859375,0.1226806640625,-0.0946044921875,17:04:46.617062
1.409084,-0.0140380859375,-0.0140380859375,0.1226806640625,-0.0958251953125,17:04:46.620078
1.4131239999999998,-0.0140380859375,-0.0140380859375,0.1220703125,-0.096435546875,17:04:46.625075
1.4171639999999996,-0.0140380859375,-0.0140380859375,0.123291015625,-0.0958251953125,17:04:46.628073
1.4212039999999995,-0.0140380859375,-0.0140380859375,0.1214599609375,-0.0946044921875,17:04:46.632074
1.4252599999999997,-0.0146484375,-0.0146484375,0.1226806640625,-0.09521484375,17:04:46.636073
1.4293119999999995,-0.0140380859375,-0.0140380859375,0.1214599609375,-0.0946044921875,17:04:46.640996
1.4333600000000004,-0.0140380859375,-0.0140380859375,0.1220703125,-0.0958251953125,17:04:46.645095
1.4374079999999996,-0.0146484375,-0.0146484375,0.120849609375,-0.0958251953125,17:04:46.648913
1.4414560000000005,-0.0146484375,-0.0146484375,0.1214599609375,-0.0958251953125,17:04:46.652921
1.4455080000000002,-0.0140380859375,-0.0140380859375,0.1214599609375,-0.09521484375,17:04:46.656920
1.4495640000000005,-0.0140380859375,-0.0140380859375,0.1226806640625,-0.0958251953125,17:04:46.660918
1.4536160000000002,-0.0140380859375,-0.0140380859375,0.1214599609375,-0.09521484375,17:04:46.665569
1.4576639999999994,-0.013427734375,-0.013427734375,0.1226806640625,-0.09521484375,17:04:46.669669
1.461716000000001,-0.0146484375,-0.0146484375,0.1220703125,-0.0946044921875,17:04:46.673677
1.4657719999999994,-0.0152587890625,-0.0152587890625,0.1214599609375,-0.0958251953125,17:04:46.678244
1.4698360000000008,-0.0146484375,-0.0146484375,0.1214599609375,-0.0958251953125,17:04:46.681626
1.4738880000000005,-0.0146484375,-0.0146484375,0.1226806640625,-0.096435546875,17:04:46.686040
1.4779359999999997,-0.0140380859375,-0.0140380859375,0.1220703125,-0.0958251953125,17:04:46.689964
1.4819840000000006,-0.0140380859375,-0.0140380859375,0.1226806640625,-0.096435546875,17:04:46.694244
1.486040000000001,-0.0146484375,-0.0146484375,0.1226806640625,-0.09521484375,17:04:46.698344
1.4900920000000006,-0.0140380859375,-0.0140380859375,0.1220703125,-0.0958251953125,17:04:46.702420
1.4941440000000004,-0.0140380859375,-0.0140380859375,0.1220703125,-0.09521484375,17:04:46.706520
1.498196,-0.0146484375,-0.0146484375,0.123291015625,-0.096435546875,17:04:46.711215
1.502244000000001,-0.013427734375,-0.013427734375,0.1226806640625,-0.096435546875,17:04:46.714233
1.5062920000000002,-0.0146484375,-0.0146484375,0.1226806640625,-0.096435546875,17:04:46.718559
1.510332,-0.0146484375,-0.0146484375,0.1220703125,-0.0946044921875,17:04:46.722558
1.5143719999999998,-0.0146484375,-0.0146484375,0.1220703125,-0.096435546875,17:04:46.726558
1.5184239999999996,-0.0140380859375,-0.0140380859375,0.1214599609375,-0.0958251953125,17:04:46.731095
1.5224639999999994,-0.0128173828125,-0.0128173828125,0.1226806640625,-0.096435546875,17:04:46.735198
1.5265120000000003,-0.0146484375,-0.0146484375,0.120849609375,-0.0958251953125,17:04:46.739295
1.5305599999999995,-0.0152587890625,-0.0152587890625,0.1214599609375,-0.0970458984375,17:04:46.743366
1.534612000000001,-0.0152587890625,-0.0152587890625,0.1226806640625,-0.09521484375,17:04:46.747375
1.5386600000000001,-0.0146484375,-0.0146484375,0.1214599609375,-0.0958251953125,17:04:46.747375
1.5427079999999993,-0.013427734375,-0.013427734375,0.1214599609375,-0.096435546875,17:04:46.751375
1.546748000000001,-0.0146484375,-0.0146484375,0.1226806640625,-0.096435546875,17:04:46.755375
1.5508039999999994,-0.0128173828125,-0.0128173828125,0.1214599609375,-0.0946044921875,17:04:46.759793
1.5548599999999997,-0.0140380859375,-0.0140380859375,0.1220703125,-0.096435546875,17:04:46.763844
1.5589119999999994,-0.0146484375,-0.0146484375,0.1220703125,-0.0958251953125,17:04:46.767944
1.5629600000000003,-0.0146484375,-0.0146484375,0.1226806640625,-0.0958251953125,17:04:46.772167
1.567012,-0.0140380859375,-0.0140380859375,0.1226806640625,-0.0946044921875,17:04:46.776178
1.571060000000001,-0.0140380859375,-0.0140380859375,0.1226806640625,-0.096435546875,17:04:46.780182
1.5751159999999995,-0.0146484375,-0.0146484375,0.1226806640625,-0.0958251953125,17:04:46.784243
1.5791640000000005,-0.0140380859375,-0.0140380859375,0.1220703125,-0.0958251953125,17:04:46.788421
1.5832119999999996,-0.0152587890625,-0.0152587890625,0.1220703125,-0.096435546875,17:04:46.792519
1.5872519999999994,-0.0140380859375,-0.0140380859375,0.1220703125,-0.096435546875,17:04:46.796619
1.591304000000001,-0.013427734375,-0.013427734375,0.1202392578125,-0.0958251953125,17:04:46.800793
1.5953320000000009,-0.0140380859375,-0.0140380859375,0.1214599609375,-0.0946044921875,17:04:46.805347
1.5993720000000007,-0.0146484375,-0.0146484375,0.123291015625,-0.0958251953125,17:04:46.808917
1.6034319999999997,-0.0140380859375,-0.0140380859375,0.120849609375,-0.09521484375,17:04:46.812991
1.6074800000000007,-0.0140380859375,-0.0140380859375,0.1214599609375,-0.096435546875,17:04:46.817090
1.6115239999999993,-0.0152587890625,-0.0152587890625,0.1220703125,-0.096435546875,17:04:46.821194
1.6155720000000002,-0.0146484375,-0.0146484375,0.1220703125,-0.09521484375,17:04:46.825290
1.6196199999999994,-0.0140380859375,-0.0140380859375,0.1220703125,-0.0958251953125,17:04:46.829299
1.6236680000000003,-0.0146484375,-0.0146484375,0.1226806640625,-0.0970458984375,17:04:46.833300
1.6277279999999994,-0.0146484375,-0.0146484375,0.123291015625,-0.09521484375,17:04:46.838299
1.6317760000000003,-0.013427734375,-0.013427734375,0.1220703125,-0.0946044921875,17:04:46.843298
1.6358239999999995,-0.013427734375,-0.013427734375,0.1226806640625,-0.0958251953125,17:04:46.845300
1.6398799999999998,-0.013427734375,-0.013427734375,0.1220703125,-0.096435546875,17:04:46.849300
1.6439319999999995,-0.0152587890625,-0.0152587890625,0.1214599609375,-0.096435546875,17:04:46.853300
1.647984000000001,-0.0140380859375,-0.0140380859375,0.1220703125,-0.0958251953125,17:04:46.857693
1.6520320000000002,-0.013427734375,-0.013427734375,0.1226806640625,-0.09521484375,17:04:46.862145
1.656092000000001,-0.0146484375,-0.0146484375,0.1214599609375,-0.09521484375,17:04:46.866116
1.6601400000000002,-0.0146484375,-0.0146484375,0.1202392578125,-0.0958251953125,17:04:46.870083
1.6641840000000006,-0.0140380859375,-0.0140380859375,0.1214599609375,-0.0958251953125,17:04:46.874084
1.6682360000000003,-0.0140380859375,-0.0140380859375,0.1226806640625,-0.09521484375,17:04:46.878082
1.6722839999999994,-0.0140380859375,-0.0140380859375,0.1220703125,-0.09521484375,17:04:46.882082
1.6763239999999993,-0.0146484375,-0.0146484375,0.1214599609375,-0.09521484375,17:04:46.886793
1.6803720000000002,-0.0140380859375,-0.0140380859375,0.1226806640625,-0.096435546875,17:04:46.890489
1.684412,-0.0146484375,-0.0146484375,0.1214599609375,-0.096435546875,17:04:46.894915
1.6884479999999993,-0.0140380859375,-0.0140380859375,0.123291015625,-0.0958251953125,17:04:46.899671
1.6925039999999996,-0.0146484375,-0.0146484375,0.1214599609375,-0.096435546875,17:04:46.903116
1.6965439999999994,-0.0146484375,-0.0146484375,0.1214599609375,-0.0958251953125,17:04:46.907135
1.7005920000000003,-0.0140380859375,-0.0140380859375,0.1214599609375,-0.096435546875,17:04:46.911142
1.7046360000000007,-0.0140380859375,-0.0140380859375,0.1202392578125,-0.0970458984375,17:04:46.915152
1.7086880000000004,-0.0140380859375,-0.0140380859375,0.1220703125,-0.096435546875,17:04:46.919152
1.7127440000000007,-0.0140380859375,-0.0140380859375,0.1214599609375,-0.0970458984375,17:04:46.923152
1.7167919999999999,-0.0146484375,-0.0146484375,0.1220703125,-0.09521484375,17:04:46.927694
1.7208439999999996,-0.0152587890625,-0.0152587890625,0.1214599609375,-0.0958251953125,17:04:46.932358
1.7248959999999993,-0.0146484375,-0.0146484375,0.123291015625,-0.0958251953125,17:04:46.936373
1.7289519999999996,-0.0146484375,-0.0146484375,0.120849609375,-0.096435546875,17:04:46.940371
1.7329919999999994,-0.0152587890625,-0.0152587890625,0.1214599609375,-0.09521484375,17:04:46.943379
1.737044000000001,-0.0146484375,-0.0146484375,0.1214599609375,-0.0946044921875,17:04:46.948375
1.741092,-0.0140380859375,-0.0140380859375,0.1220703125,-0.096435546875,17:04:46.951790
1.7451480000000004,-0.013427734375,-0.013427734375,0.1226806640625,-0.0958251953125,17:04:46.956373
1.7492040000000006,-0.0146484375,-0.0146484375,0.1226806640625,-0.0958251953125,17:04:46.960469
1.753260000000001,-0.0152587890625,-0.0152587890625,0.1220703125,-0.09521484375,17:04:46.964411
1.757308,-0.0146484375,-0.0146484375,0.1220703125,-0.0958251953125,17:04:46.968421
1.7613559999999993,-0.0146484375,-0.0146484375,0.1214599609375,-0.0958251953125,17:04:46.972419
1.7653960000000009,-0.013427734375,-0.013427734375,0.1220703125,-0.09521484375,17:04:46.976418
1.7694399999999995,-0.0152587890625,-0.0152587890625,0.1214599609375,-0.0958251953125,17:04:46.980962
1.7734839999999998,-0.0140380859375,-0.0140380859375,0.1214599609375,-0.09521484375,17:04:46.985045
1.7775280000000002,-0.0140380859375,-0.0140380859375,0.1214599609375,-0.0958251953125,17:04:46.989144
1.7815759999999994,-0.0140380859375,-0.0140380859375,0.1220703125,-0.09521484375,17:04:46.993521
1.7856240000000003,-0.0152587890625,-0.0152587890625,0.1214599609375,-0.0958251953125,17:04:46.997519
1.7896719999999995,-0.0140380859375,-0.0140380859375,0.1214599609375,-0.0958251953125,17:04:47.001519
1.7937159999999999,-0.0146484375,-0.0146484375,0.1214599609375,-0.096435546875,17:04:47.005521
1.7977679999999996,-0.013427734375,-0.013427734375,0.1214599609375,-0.09521484375,17:04:47.009618
1.8018239999999999,-0.0146484375,-0.0146484375,0.1220703125,-0.09521484375,17:04:47.013718
1.8058720000000008,-0.0146484375,-0.0146484375,0.1220703125,-0.09521484375,17:04:47.017793
1.8099240000000005,-0.0146484375,-0.0146484375,0.1214599609375,-0.0958251953125,17:04:47.021894
1.8139760000000003,-0.0146484375,-0.0146484375,0.120849609375,-0.09521484375,17:04:47.026784
1.8180320000000005,-0.0146484375,-0.0146484375,0.1214599609375,-0.0946044921875,17:04:47.030094
1.8220799999999997,-0.0140380859375,-0.0140380859375,0.1214599609375,-0.0958251953125,17:04:47.034193
1.8261319999999994,-0.0152587890625,-0.0152587890625,0.120849609375,-0.0958251953125,17:04:47.038295
1.8301800000000004,-0.013427734375,-0.013427734375,0.1220703125,-0.0958251953125,17:04:47.042370
1.834232,-0.0140380859375,-0.0140380859375,0.1220703125,-0.0958251953125,17:04:47.046468
1.8382760000000005,-0.0146484375,-0.0146484375,0.120849609375,-0.09521484375,17:04:47.050565
1.8423320000000007,-0.0146484375,-0.0146484375,0.123291015625,-0.0946044921875,17:04:47.054669
1.84638,-0.0140380859375,-0.0140380859375,0.1220703125,-0.0958251953125,17:04:47.058644
1.8504319999999996,-0.0140380859375,-0.0140380859375,0.1214599609375,-0.096435546875,17:04:47.062148
1.8544800000000006,-0.0146484375,-0.0146484375,0.1214599609375,-0.09521484375,17:04:47.066148
1.8585279999999997,-0.0140380859375,-0.0140380859375,0.1226806640625,-0.09521484375,17:04:47.071150
1.8625679999999996,-0.0140380859375,-0.0140380859375,0.120849609375,-0.09521484375,17:04:47.075149
1.8666160000000005,-0.0140380859375,-0.0140380859375,0.1226806640625,-0.0958251953125,17:04:47.079245
1.8706560000000003,-0.013427734375,-0.013427734375,0.1214599609375,-0.0958251953125,17:04:47.083343
1.8747039999999995,-0.0140380859375,-0.0140380859375,0.1220703125,-0.0958251953125,17:04:47.087694
1.8787520000000004,-0.0140380859375,-0.0140380859375,0.1220703125,-0.0958251953125,17:04:47.091688
1.8828040000000001,-0.0140380859375,-0.0140380859375,0.1214599609375,-0.096435546875,17:04:47.095688
1.8868519999999993,-0.0140380859375,-0.0140380859375,0.1226806640625,-0.0958251953125,17:04:47.099693
1.8909120000000001,-0.0146484375,-0.0146484375,0.1214599609375,-0.096435546875,17:04:47.103819
1.894952,-0.0146484375,-0.0146484375,0.1220703125,-0.0958251953125,17:04:47.107921
1.899000000000001,-0.0140380859375,-0.0140380859375,0.1214599609375,-0.0958251953125,17:04:47.112019
1.9030559999999994,-0.0140380859375,-0.0140380859375,0.120849609375,-0.09521484375,17:04:47.116094
1.907108000000001,-0.0152587890625,-0.0152587890625,0.1220703125,-0.0958251953125,17:04:47.120594
1.911156,-0.0140380859375,-0.0140380859375,0.1226806640625,-0.096435546875,17:04:47.124290
1.9152079999999998,-0.013427734375,-0.013427734375,0.1214599609375,-0.09521484375,17:04:47.128368
1.9192680000000006,-0.0140380859375,-0.0140380859375,0.1214599609375,-0.0946044921875,17:04:47.128368
1.9233200000000004,-0.0146484375,-0.0146484375,0.1226806640625,-0.0958251953125,17:04:47.132469
1.927372,-0.0146484375,-0.0146484375,0.1220703125,-0.0958251953125,17:04:47.136566
1.9314239999999998,-0.0146484375,-0.0146484375,0.1220703125,-0.096435546875,17:04:47.140668
1.9354639999999996,-0.0146484375,-0.0146484375,0.1214599609375,-0.0970458984375,17:04:47.144793
1.9395159999999994,-0.0146484375,-0.0146484375,0.1226806640625,-0.0946044921875,17:04:47.148843
1.943556000000001,-0.0146484375,-0.0146484375,0.1214599609375,-0.09521484375,17:04:47.153639
1.9475999999999996,-0.0146484375,-0.0146484375,0.1214599609375,-0.0970458984375,17:04:47.156641
1.9516399999999994,-0.0140380859375,-0.0140380859375,0.1226806640625,-0.0958251953125,17:04:47.160731
1.9556920000000009,-0.0152587890625,-0.0152587890625,0.1220703125,-0.096435546875,17:04:47.165188
1.9597440000000006,-0.013427734375,-0.013427734375,0.1214599609375,-0.0958251953125,17:04:47.169346
1.9637919999999998,-0.0146484375,-0.0146484375,0.1214599609375,-0.096435546875,17:04:47.173453
1.9678400000000007,-0.0140380859375,-0.0140380859375,0.1220703125,-0.0958251953125,17:04:47.177519
1.9718879999999999,-0.0146484375,-0.0146484375,0.1220703125,-0.09521484375,17:04:47.182254
1.9759399999999996,-0.0140380859375,-0.0140380859375,0.1214599609375,-0.0958251953125,17:04:47.185690
1.9799959999999999,-0.0140380859375,-0.0140380859375,0.1214599609375,-0.096435546875,17:04:47.189691
1.9840359999999997,-0.0152587890625,-0.0152587890625,0.1226806640625,-0.096435546875,17:04:47.193690
1.9880879999999994,-0.015869140625,-0.015869140625,0.1220703125,-0.0958251953125,17:04:47.198018
1.992140000000001,-0.0146484375,-0.0146484375,0.1214599609375,-0.096435546875,17:04:47.202094
1.996188,-0.0146484375,-0.0146484375,0.1214599609375,-0.09521484375,17:04:47.206194
2.000236000000001,-0.0140380859375,-0.0140380859375,0.1220703125,-0.0958251953125,17:04:47.210294
2.004284,-0.0140380859375,-0.0140380859375,0.1214599609375,-0.0958251953125,17:04:47.214461
2.008344000000001,-0.013427734375,-0.013427734375,0.1220703125,-0.0958251953125,17:04:47.218969
2.012404,-0.0146484375,-0.0146484375,0.1220703125,-0.096435546875,17:04:47.222966
2.016456,-0.0146484375,-0.0146484375,0.1220703125,-0.0958251953125,17:04:47.226967
2.0205079999999995,-0.0140380859375,-0.0140380859375,0.1220703125,-0.0958251953125,17:04:47.230967
2.0245560000000005,-0.0146484375,-0.0146484375,0.1214599609375,-0.09521484375,17:04:47.234868
2.0285960000000003,-0.0140380859375,-0.0140380859375,0.1220703125,-0.09521484375,17:04:47.238968
2.0326439999999995,-0.0146484375,-0.0146484375,0.1214599609375,-0.096435546875,17:04:47.243044
2.036688,-0.0140380859375,-0.0140380859375,0.1226806640625,-0.096435546875,17:04:47.248812
2.0407279999999997,-0.013427734375,-0.013427734375,0.1214599609375,-0.0958251953125,17:04:47.251242
2.044784,-0.0146484375,-0.0146484375,0.1226806640625,-0.096435546875,17:04:47.255344
2.048832000000001,-0.0146484375,-0.0146484375,0.123291015625,-0.0958251953125,17:04:47.259444
2.05288,-0.013427734375,-0.013427734375,0.120849609375,-0.0970458984375,17:04:47.264087
2.056928000000001,-0.0146484375,-0.0146484375,0.1214599609375,-0.096435546875,17:04:47.267640
2.0609800000000007,-0.0140380859375,-0.0140380859375,0.1220703125,-0.0970458984375,17:04:47.271790
2.065028,-0.013427734375,-0.013427734375,0.1220703125,-0.09521484375,17:04:47.275818
2.069084,-0.013427734375,-0.013427734375,0.1220703125,-0.0958251953125,17:04:47.282226
2.073136,-0.0152587890625,-0.0152587890625,0.1220703125,-0.0970458984375,17:04:47.283742
2.0771759999999997,-0.0146484375,-0.0146484375,0.123291015625,-0.0958251953125,17:04:47.287754
2.081232,-0.0146484375,-0.0146484375,0.1214599609375,-0.0958251953125,17:04:47.291753
2.0852760000000004,-0.013427734375,-0.013427734375,0.1226806640625,-0.096435546875,17:04:47.295755
2.089328,-0.0146484375,-0.0146484375,0.1214599609375,-0.09521484375,17:04:47.300420
2.093376000000001,-0.0140380859375,-0.0140380859375,0.1220703125,-0.096435546875,17:04:47.304495
2.097436,-0.0140380859375,-0.0140380859375,0.1214599609375,-0.0946044921875,17:04:47.308992
2.1014920000000004,-0.0152587890625,-0.0152587890625,0.1220703125,-0.0958251953125,17:04:47.312986
2.1055480000000006,-0.0140380859375,-0.0140380859375,0.1214599609375,-0.09521484375,17:04:47.316993
2.109596,-0.013427734375,-0.013427734375,0.1220703125,-0.09521484375,17:04:47.320983
2.1136479999999995,-0.0140380859375,-0.0140380859375,0.1214599609375,-0.0958251953125,17:04:47.324996
2.117692,-0.0152587890625,-0.0152587890625,0.1214599609375,-0.0958251953125,17:04:47.329071
2.121740000000001,-0.0146484375,-0.0146484375,0.1226806640625,-0.0958251953125,17:04:47.333193
2.1257920000000006,-0.015869140625,-0.015869140625,0.1220703125,-0.09521484375,17:04:47.337269
2.1298320000000004,-0.0146484375,-0.0146484375,0.1214599609375,-0.0958251953125,17:04:47.341366
2.1338799999999996,-0.0128173828125,-0.0128173828125,0.1220703125,-0.09521484375,17:04:47.347114
2.1379280000000005,-0.0128173828125,-0.0128173828125,0.1220703125,-0.09521484375,17:04:47.349566
2.1419759999999997,-0.0140380859375,-0.0140380859375,0.1220703125,-0.0946044921875,17:04:47.353641
2.14602,-0.0140380859375,-0.0140380859375,0.1220703125,-0.09521484375,17:04:47.357793
2.150068000000001,-0.0140380859375,-0.0140380859375,0.1220703125,-0.096435546875,17:04:47.361844
2.1541200000000007,-0.0140380859375,-0.0140380859375,0.1214599609375,-0.0958251953125,17:04:47.365945
2.158176000000001,-0.0146484375,-0.0146484375,0.1214599609375,-0.0958251953125,17:04:47.370043
2.162224,-0.0140380859375,-0.0140380859375,0.1214599609375,-0.0958251953125,17:04:47.374053
2.166276,-0.0146484375,-0.0146484375,0.1226806640625,-0.096435546875,17:04:47.378049
2.1703279999999996,-0.0140380859375,-0.0140380859375,0.1220703125,-0.096435546875,17:04:47.382059
2.174384,-0.0140380859375,-0.0140380859375,0.120849609375,-0.09521484375,17:04:47.386575
2.178432000000001,-0.0146484375,-0.0146484375,0.1220703125,-0.0970458984375,17:04:47.390574
2.1824759999999994,-0.0152587890625,-0.0152587890625,0.1214599609375,-0.0958251953125,17:04:47.394619
2.1865240000000004,-0.0140380859375,-0.0140380859375,0.1214599609375,-0.0946044921875,17:04:47.398256
2.1905839999999994,-0.0146484375,-0.0146484375,0.1214599609375,-0.09521484375,17:04:47.402577
2.194628,-0.0152587890625,-0.0152587890625,0.1226806640625,-0.09521484375,17:04:47.407335
2.198684,-0.0128173828125,-0.0128173828125,0.1202392578125,-0.096435546875,17:04:47.410916
2.2027319999999992,-0.0140380859375,-0.0140380859375,0.1226806640625,-0.0958251953125,17:04:47.414916
2.20678,-0.015869140625,-0.015869140625,0.1220703125,-0.0958251953125,17:04:47.418918
2.210832,-0.0140380859375,-0.0140380859375,0.120849609375,-0.0958251953125,17:04:47.423294
2.21486,-0.0146484375,-0.0146484375,0.123291015625,-0.096435546875,17:04:47.427368
2.2188999999999997,-0.0152587890625,-0.0152587890625,0.1202392578125,-0.09521484375,17:04:47.431469
2.222956,-0.013427734375,-0.013427734375,0.1220703125,-0.09521484375,17:04:47.435804
2.227004000000001,-0.0152587890625,-0.0152587890625,0.1202392578125,-0.0970458984375,17:04:47.439804
2.2310560000000006,-0.0146484375,-0.0146484375,0.1214599609375,-0.0958251953125,17:04:47.443801
2.2351039999999998,-0.0140380859375,-0.0140380859375,0.1214599609375,-0.0958251953125,17:04:47.447805
2.2391520000000007,-0.0152587890625,-0.0152587890625,0.1220703125,-0.096435546875,17:04:47.451945
2.2432040000000004,-0.0146484375,-0.0146484375,0.1214599609375,-0.096435546875,17:04:47.456045
2.2472600000000007,-0.013427734375,-0.013427734375,0.1226806640625,-0.096435546875,17:04:47.460143
2.251308,-0.0146484375,-0.0146484375,0.1214599609375,-0.0946044921875,17:04:47.464151
2.2553599999999996,-0.0140380859375,-0.0140380859375,0.120849609375,-0.09521484375,17:04:47.468874
2.2594119999999993,-0.0140380859375,-0.0140380859375,0.120849609375,-0.0958251953125,17:04:47.472442
2.2634679999999996,-0.015869140625,-0.015869140625,0.1214599609375,-0.0958251953125,17:04:47.476515
2.2675199999999993,-0.013427734375,-0.013427734375,0.1214599609375,-0.09521484375,17:04:47.480621
2.2715680000000003,-0.0128173828125,-0.0128173828125,0.1226806640625,-0.09521484375,17:04:47.484718
2.27562,-0.0146484375,-0.0146484375,0.1214599609375,-0.0958251953125,17:04:47.488819
2.279680000000001,-0.0146484375,-0.0146484375,0.1220703125,-0.0958251953125,17:04:47.492919
2.2837320000000005,-0.015869140625,-0.015869140625,0.1220703125,-0.0958251953125,17:04:47.496414
2.287788000000001,-0.013427734375,-0.013427734375,0.120849609375,-0.096435546875,17:04:47.500486
2.291848,-0.0146484375,-0.0146484375,0.1220703125,-0.09521484375,17:04:47.505414
2.295896000000001,-0.015869140625,-0.015869140625,0.1214599609375,-0.0958251953125,17:04:47.509410
2.299944,-0.0140380859375,-0.0140380859375,0.1226806640625,-0.0958251953125,17:04:47.513957
2.3039959999999997,-0.0140380859375,-0.0140380859375,0.1220703125,-0.096435546875,17:04:47.517464
2.3080359999999995,-0.0152587890625,-0.0152587890625,0.1226806640625,-0.096435546875,17:04:47.517464
2.3120759999999994,-0.0140380859375,-0.0140380859375,0.120849609375,-0.0958251953125,17:04:47.521572
2.3161319999999996,-0.0152587890625,-0.0152587890625,0.1226806640625,-0.0946044921875,17:04:47.525583
2.3201800000000006,-0.0140380859375,-0.0140380859375,0.1220703125,-0.096435546875,17:04:47.529581
2.3242279999999997,-0.0152587890625,-0.0152587890625,0.1214599609375,-0.096435546875,17:04:47.533580
2.328272,-0.0146484375,-0.0146484375,0.1214599609375,-0.096435546875,17:04:47.537942
2.332324,-0.0140380859375,-0.0140380859375,0.1202392578125,-0.096435546875,17:04:47.542043
2.336372000000001,-0.0140380859375,-0.0140380859375,0.1214599609375,-0.0970458984375,17:04:47.546328
2.340432,-0.0140380859375,-0.0140380859375,0.1220703125,-0.0958251953125,17:04:47.550326
2.344480000000001,-0.0140380859375,-0.0140380859375,0.120849609375,-0.0958251953125,17:04:47.554322
2.3485320000000005,-0.0140380859375,-0.0140380859375,0.1226806640625,-0.0970458984375,17:04:47.558323
2.352576000000001,-0.013427734375,-0.013427734375,0.1214599609375,-0.09521484375,17:04:47.562519
2.356624,-0.013427734375,-0.013427734375,0.1220703125,-0.0958251953125,17:04:47.566619
2.360672000000001,-0.0140380859375,-0.0140380859375,0.1226806640625,-0.096435546875,17:04:47.570628
2.36472,-0.0152587890625,-0.0152587890625,0.1226806640625,-0.0958251953125,17:04:47.575213
2.368780000000001,-0.0146484375,-0.0146484375,0.1214599609375,-0.0958251953125,17:04:47.578891
2.3728359999999995,-0.0152587890625,-0.0152587890625,0.123291015625,-0.09521484375,17:04:47.582991
2.37688,-0.0146484375,-0.0146484375,0.1214599609375,-0.09521484375,17:04:47.587127
2.3809240000000003,-0.0146484375,-0.0146484375,0.1214599609375,-0.0946044921875,17:04:47.591191
2.3849719999999994,-0.0140380859375,-0.0140380859375,0.1202392578125,-0.0958251953125,17:04:47.595291
2.3890200000000004,-0.0140380859375,-0.0140380859375,0.120849609375,-0.0958251953125,17:04:47.599390
2.3930640000000007,-0.0146484375,-0.0146484375,0.123291015625,-0.096435546875,17:04:47.603407
2.3971040000000006,-0.0140380859375,-0.0140380859375,0.1214599609375,-0.0958251953125,17:04:47.608142
2.4011519999999997,-0.013427734375,-0.013427734375,0.1220703125,-0.09521484375,17:04:47.611665
2.405208,-0.0146484375,-0.0146484375,0.1220703125,-0.09521484375,17:04:47.615578
2.409248,-0.0152587890625,-0.0152587890625,0.1220703125,-0.096435546875,17:04:47.619583
2.413292,-0.0140380859375,-0.0140380859375,0.1214599609375,-0.09521484375,17:04:47.623582
2.4173399999999994,-0.0146484375,-0.0146484375,0.1214599609375,-0.096435546875,17:04:47.627582
2.421392000000001,-0.0140380859375,-0.0140380859375,0.120849609375,-0.0958251953125,17:04:47.632169
2.4254440000000006,-0.013427734375,-0.013427734375,0.1214599609375,-0.0958251953125,17:04:47.636243
2.4294960000000003,-0.0140380859375,-0.0140380859375,0.1226806640625,-0.0958251953125,17:04:47.640930
2.433536,-0.0146484375,-0.0146484375,0.120849609375,-0.0958251953125,17:04:47.643948
2.4375920000000004,-0.0152587890625,-0.0152587890625,0.1214599609375,-0.096435546875,17:04:47.648948
2.441644,-0.0140380859375,-0.0140380859375,0.1214599609375,-0.096435546875,17:04:47.652948
2.445696,-0.0140380859375,-0.0140380859375,0.123291015625,-0.09521484375,17:04:47.656948
2.449744000000001,-0.0140380859375,-0.0140380859375,0.1226806640625,-0.0958251953125,17:04:47.660819
2.4537960000000005,-0.0140380859375,-0.0140380859375,0.123291015625,-0.0958251953125,17:04:47.664919
2.457852000000001,-0.0152587890625,-0.0152587890625,0.1214599609375,-0.0958251953125,17:04:47.669019
2.4619079999999993,-0.0146484375,-0.0146484375,0.1220703125,-0.09521484375,17:04:47.673914
2.4659639999999996,-0.0140380859375,-0.0140380859375,0.1214599609375,-0.096435546875,17:04:47.677217
2.4700039999999994,-0.0146484375,-0.0146484375,0.1226806640625,-0.09521484375,17:04:47.681318
2.4740520000000004,-0.0140380859375,-0.0140380859375,0.1226806640625,-0.096435546875,17:04:47.685417
2.4780999999999995,-0.0152587890625,-0.0152587890625,0.120849609375,-0.0958251953125,17:04:47.689519
2.4821480000000005,-0.0128173828125,-0.0128173828125,0.1226806640625,-0.0946044921875,17:04:47.693526
2.4861880000000003,-0.0140380859375,-0.0140380859375,0.1220703125,-0.09521484375,17:04:47.697695
2.490228,-0.0140380859375,-0.0140380859375,0.1214599609375,-0.0958251953125,17:04:47.701793
2.49428,-0.0140380859375,-0.0140380859375,0.1220703125,-0.0970458984375,17:04:47.705788
2.4983280000000008,-0.0140380859375,-0.0140380859375,0.1226806640625,-0.0946044921875,17:04:47.711789
2.5023719999999994,-0.0146484375,-0.0146484375,0.1220703125,-0.09521484375,17:04:47.713791
2.5064200000000003,-0.0146484375,-0.0146484375,0.123291015625,-0.0958251953125,17:04:47.717790
2.510472,-0.0146484375,-0.0146484375,0.1226806640625,-0.0958251953125,17:04:47.721790
2.5145280000000003,-0.0140380859375,-0.0140380859375,0.1214599609375,-0.096435546875,17:04:47.726370
2.5185759999999995,-0.0140380859375,-0.0140380859375,0.1214599609375,-0.0958251953125,17:04:47.730468
2.5226240000000004,-0.0140380859375,-0.0140380859375,0.1220703125,-0.0958251953125,17:04:47.734732
2.5266800000000007,-0.0152587890625,-0.0152587890625,0.1226806640625,-0.096435546875,17:04:47.738769
2.530736000000001,-0.0140380859375,-0.0140380859375,0.1220703125,-0.09521484375,17:04:47.742786
2.534784,-0.0140380859375,-0.0140380859375,0.1220703125,-0.096435546875,17:04:47.746773
2.538836,-0.0146484375,-0.0146484375,0.123291015625,-0.0958251953125,17:04:47.750774
2.542884000000001,-0.0146484375,-0.0146484375,0.1226806640625,-0.0958251953125,17:04:47.755044
2.5469360000000005,-0.0140380859375,-0.0140380859375,0.1220703125,-0.096435546875,17:04:47.759052
2.5509880000000003,-0.0140380859375,-0.0140380859375,0.1226806640625,-0.09521484375,17:04:47.763244
2.5550440000000005,-0.0146484375,-0.0146484375,0.1220703125,-0.096435546875,17:04:47.768150
2.5590919999999997,-0.0146484375,-0.0146484375,0.1220703125,-0.0946044921875,17:04:47.771416
2.5631319999999995,-0.013427734375,-0.013427734375,0.1214599609375,-0.096435546875,17:04:47.775517
2.5671800000000005,-0.0146484375,-0.0146484375,0.1202392578125,-0.09521484375,17:04:47.779618
2.571232,-0.0140380859375,-0.0140380859375,0.1226806640625,-0.0958251953125,17:04:47.783715
2.575272,-0.013427734375,-0.013427734375,0.1214599609375,-0.0958251953125,17:04:47.787793
2.579320000000001,-0.0146484375,-0.0146484375,0.123291015625,-0.0958251953125,17:04:47.791802
2.583368,-0.0140380859375,-0.0140380859375,0.1214599609375,-0.09521484375,17:04:47.795803
2.5874159999999993,-0.0140380859375,-0.0140380859375,0.1214599609375,-0.096435546875,17:04:47.799799
2.591464,-0.013427734375,-0.013427734375,0.1214599609375,-0.0958251953125,17:04:47.804194
2.5955080000000006,-0.0152587890625,-0.0152587890625,0.1226806640625,-0.096435546875,17:04:47.808294
2.5995600000000003,-0.0146484375,-0.0146484375,0.1214599609375,-0.0958251953125,17:04:47.812369
2.6036079999999995,-0.0146484375,-0.0146484375,0.1226806640625,-0.09765625,17:04:47.816494
2.6076560000000004,-0.0140380859375,-0.0140380859375,0.1220703125,-0.096435546875,17:04:47.820509
2.6116960000000002,-0.0146484375,-0.0146484375,0.1214599609375,-0.0958251953125,17:04:47.824651
2.6157520000000005,-0.0146484375,-0.0146484375,0.1220703125,-0.0958251953125,17:04:47.828061
2.619796000000001,-0.0146484375,-0.0146484375,0.120849609375,-0.09521484375,17:04:47.832262
2.6238480000000006,-0.0146484375,-0.0146484375,0.1220703125,-0.0970458984375,17:04:47.836325
2.627896,-0.0140380859375,-0.0140380859375,0.120849609375,-0.0958251953125,17:04:47.841266
2.6319560000000006,-0.0140380859375,-0.0140380859375,0.1226806640625,-0.0946044921875,17:04:47.845265
2.6360080000000004,-0.013427734375,-0.013427734375,0.1220703125,-0.09521484375,17:04:47.849093
2.6400679999999994,-0.0140380859375,-0.0140380859375,0.1220703125,-0.09521484375,17:04:47.853345
2.6441239999999997,-0.0140380859375,-0.0140380859375,0.1220703125,-0.096435546875,17:04:47.857129
2.6481720000000006,-0.0146484375,-0.0146484375,0.1214599609375,-0.093994140625,17:04:47.861136
2.65222,-0.0140380859375,-0.0140380859375,0.1226806640625,-0.0958251953125,17:04:47.865644
2.6562719999999995,-0.0140380859375,-0.0140380859375,0.120849609375,-0.096435546875,17:04:47.869654
2.6603200000000005,-0.0140380859375,-0.0140380859375,0.1220703125,-0.096435546875,17:04:47.873819
2.6643600000000003,-0.0152587890625,-0.0152587890625,0.1220703125,-0.0946044921875,17:04:47.877918
2.6684040000000007,-0.0146484375,-0.0146484375,0.1226806640625,-0.09521484375,17:04:47.882019
2.6724560000000004,-0.0140380859375,-0.0140380859375,0.1220703125,-0.0970458984375,17:04:47.886644
2.6765000000000008,-0.0146484375,-0.0146484375,0.1214599609375,-0.0958251953125,17:04:47.890192
2.680548,-0.0140380859375,-0.0140380859375,0.1220703125,-0.09521484375,17:04:47.894291
2.684596000000001,-0.0146484375,-0.0146484375,0.1220703125,-0.0958251953125,17:04:47.898403
2.6886480000000006,-0.0140380859375,-0.0140380859375,0.1220703125,-0.0946044921875,17:04:47.898403
2.692692000000001,-0.0146484375,-0.0146484375,0.1214599609375,-0.0946044921875,17:04:47.902471
2.6967440000000007,-0.013427734375,-0.013427734375,0.1220703125,-0.09521484375,17:04:47.906569
2.700792,-0.0140380859375,-0.0140380859375,0.1220703125,-0.0958251953125,17:04:47.910669
2.704840000000001,-0.0152587890625,-0.0152587890625,0.1220703125,-0.0946044921875,17:04:47.914793
2.7088920000000005,-0.013427734375,-0.013427734375,0.1226806640625,-0.096435546875,17:04:47.918569
2.7129440000000002,-0.0152587890625,-0.0152587890625,0.1214599609375,-0.0958251953125,17:04:47.922574
2.716984,-0.0146484375,-0.0146484375,0.1220703125,-0.09521484375,17:04:47.926573
2.721036,-0.0152587890625,-0.0152587890625,0.1214599609375,-0.0958251953125,17:04:47.930579
2.7250879999999995,-0.0146484375,-0.0146484375,0.1226806640625,-0.0946044921875,17:04:47.934574
2.729144,-0.0140380859375,-0.0140380859375,0.1220703125,-0.096435546875,17:04:47.939569
2.7331920000000007,-0.0146484375,-0.0146484375,0.1220703125,-0.0946044921875,17:04:47.943567
2.73724,-0.0146484375,-0.0146484375,0.1220703125,-0.096435546875,17:04:47.948068
2.7412840000000003,-0.0140380859375,-0.0140380859375,0.120849609375,-0.0958251953125,17:04:47.951612
2.7453199999999995,-0.0152587890625,-0.0152587890625,0.1214599609375,-0.09521484375,17:04:47.955085
2.7493599999999994,-0.0140380859375,-0.0140380859375,0.1220703125,-0.0946044921875,17:04:47.960089
2.7534039999999997,-0.0146484375,-0.0146484375,0.1214599609375,-0.096435546875,17:04:47.964088
2.75746,-0.0140380859375,-0.0140380859375,0.1226806640625,-0.09521484375,17:04:47.968087
2.7615,-0.0140380859375,-0.0140380859375,0.1226806640625,-0.096435546875,17:04:47.972092
2.7655440000000002,-0.0140380859375,-0.0140380859375,0.1226806640625,-0.09521484375,17:04:47.976194
2.7695919999999994,-0.0140380859375,-0.0140380859375,0.1214599609375,-0.0958251953125,17:04:47.980290
2.7736400000000003,-0.0140380859375,-0.0140380859375,0.1226806640625,-0.09521484375,17:04:47.984392
2.7776879999999995,-0.0146484375,-0.0146484375,0.1220703125,-0.096435546875,17:04:47.987928
2.7817360000000004,-0.0146484375,-0.0146484375,0.1220703125,-0.0958251953125,17:04:47.992924
2.785780000000001,-0.0146484375,-0.0146484375,0.1220703125,-0.0946044921875,17:04:47.996923
2.7898239999999994,-0.0146484375,-0.0146484375,0.1220703125,-0.09521484375,17:04:48.000924
2.793876000000001,-0.0140380859375,-0.0140380859375,0.1220703125,-0.0958251953125,17:04:48.004869
2.7979280000000006,-0.0146484375,-0.0146484375,0.1226806640625,-0.09521484375,17:04:48.008935
2.801976,-0.0152587890625,-0.0152587890625,0.1226806640625,-0.0958251953125,17:04:48.013316
2.8060360000000006,-0.0140380859375,-0.0140380859375,0.1226806640625,-0.0946044921875,17:04:48.017312
2.810092000000001,-0.0140380859375,-0.0140380859375,0.1220703125,-0.0970458984375,17:04:48.021748
2.8141479999999994,-0.0140380859375,-0.0140380859375,0.1220703125,-0.096435546875,17:04:48.025342
2.8181960000000004,-0.013427734375,-0.013427734375,0.1226806640625,-0.0958251953125,17:04:48.029438
2.8222400000000007,-0.0140380859375,-0.0140380859375,0.123291015625,-0.0970458984375,17:04:48.033544
2.826288,-0.013427734375,-0.013427734375,0.1220703125,-0.0958251953125,17:04:48.038029
2.830336000000001,-0.0140380859375,-0.0140380859375,0.1214599609375,-0.09521484375,17:04:48.041793
2.8343799999999995,-0.0140380859375,-0.0140380859375,0.1226806640625,-0.096435546875,17:04:48.045818
2.838424,-0.0146484375,-0.0146484375,0.1226806640625,-0.096435546875,17:04:48.049751
2.84248,-0.0140380859375,-0.0140380859375,0.1226806640625,-0.096435546875,17:04:48.053828
2.8465279999999993,-0.0146484375,-0.0146484375,0.1220703125,-0.0958251953125,17:04:48.057832
2.850576,-0.0140380859375,-0.0140380859375,0.1214599609375,-0.0946044921875,17:04:48.061830
2.8546239999999994,-0.0152587890625,-0.0152587890625,0.1214599609375,-0.09521484375,17:04:48.065830
2.858676000000001,-0.0140380859375,-0.0140380859375,0.1220703125,-0.09521484375,17:04:48.070420
2.862724,-0.0140380859375,-0.0140380859375,0.1220703125,-0.09521484375,17:04:48.074519
2.8667800000000003,-0.0140380859375,-0.0140380859375,0.1214599609375,-0.096435546875,17:04:48.078594
2.870832,-0.0140380859375,-0.0140380859375,0.1226806640625,-0.09521484375,17:04:48.084216
2.874879999999999,-0.0140380859375,-0.0140380859375,0.1214599609375,-0.0958251953125,17:04:48.086790
2.8789239999999996,-0.013427734375,-0.013427734375,0.1214599609375,-0.0970458984375,17:04:48.090895
2.88298,-0.0140380859375,-0.0140380859375,0.1214599609375,-0.09521484375,17:04:48.094994
2.887028000000001,-0.0140380859375,-0.0140380859375,0.1214599609375,-0.0958251953125,17:04:48.099090
2.8910800000000005,-0.013427734375,-0.013427734375,0.1214599609375,-0.0958251953125,17:04:48.103168
2.8951279999999997,-0.0140380859375,-0.0140380859375,0.1202392578125,-0.09521484375,17:04:48.107269
2.8991799999999994,-0.0146484375,-0.0146484375,0.120849609375,-0.0958251953125,17:04:48.111369
2.903224,-0.0146484375,-0.0146484375,0.1220703125,-0.096435546875,17:04:48.116189
2.9072759999999995,-0.0146484375,-0.0146484375,0.1214599609375,-0.096435546875,17:04:48.119188
2.9113240000000005,-0.013427734375,-0.013427734375,0.1220703125,-0.096435546875,17:04:48.123187
2.9153640000000003,-0.0140380859375,-0.0140380859375,0.1226806640625,-0.096435546875,17:04:48.127187
2.9194080000000007,-0.0140380859375,-0.0140380859375,0.1220703125,-0.096435546875,17:04:48.131843
2.9234480000000005,-0.0140380859375,-0.0140380859375,0.1226806640625,-0.09521484375,17:04:48.135944
2.9274880000000003,-0.0140380859375,-0.0140380859375,0.1220703125,-0.0958251953125,17:04:48.140041
2.931528,-0.0140380859375,-0.0140380859375,0.1214599609375,-0.0958251953125,17:04:48.144771
2.9355759999999993,-0.0146484375,-0.0146484375,0.1226806640625,-0.096435546875,17:04:48.147790
2.9396199999999997,-0.0140380859375,-0.0140380859375,0.1214599609375,-0.0946044921875,17:04:48.151789
2.9436680000000006,-0.0140380859375,-0.0140380859375,0.1226806640625,-0.096435546875,17:04:48.155789
2.9477200000000003,-0.0152587890625,-0.0152587890625,0.120849609375,-0.096435546875,17:04:48.159789
2.9517640000000007,-0.0146484375,-0.0146484375,0.1220703125,-0.096435546875,17:04:48.164618
2.9558160000000004,-0.0152587890625,-0.0152587890625,0.1220703125,-0.0958251953125,17:04:48.168793
2.9598560000000003,-0.0140380859375,-0.0140380859375,0.1220703125,-0.0946044921875,17:04:48.172008
2.9639120000000005,-0.0152587890625,-0.0152587890625,0.1220703125,-0.0958251953125,17:04:48.177016
2.9679640000000003,-0.0140380859375,-0.0140380859375,0.1220703125,-0.0958251953125,17:04:48.181034
2.972016,-0.0140380859375,-0.0140380859375,0.120849609375,-0.0958251953125,17:04:48.185018
2.976056,-0.0140380859375,-0.0140380859375,0.1226806640625,-0.09521484375,17:04:48.189193
2.9801160000000007,-0.0152587890625,-0.0152587890625,0.1214599609375,-0.0958251953125,17:04:48.193294
2.9841680000000004,-0.0146484375,-0.0146484375,0.1214599609375,-0.0958251953125,17:04:48.197392
2.9882279999999994,-0.0146484375,-0.0146484375,0.1214599609375,-0.09521484375,17:04:48.201470
2.9922679999999993,-0.0146484375,-0.0146484375,0.1220703125,-0.096435546875,17:04:48.205962
2.996308000000001,-0.0140380859375,-0.0140380859375,0.1214599609375,-0.0958251953125,17:04:48.209667
3.0003600000000006,-0.0146484375,-0.0146484375,0.1214599609375,-0.0958251953125,17:04:48.213793
3.0044120000000003,-0.0140380859375,-0.0140380859375,0.1226806640625,-0.0958251953125,17:04:48.217868
3.008452,-0.0140380859375,-0.0140380859375,0.1214599609375,-0.0958251953125,17:04:48.221970
3.012492,-0.013427734375,-0.013427734375,0.1226806640625,-0.09521484375,17:04:48.226044
3.0165480000000002,-0.013427734375,-0.013427734375,0.1220703125,-0.09521484375,17:04:48.230143
3.0205959999999994,-0.013427734375,-0.013427734375,0.123291015625,-0.0958251953125,17:04:48.234244
3.0246440000000003,-0.0140380859375,-0.0140380859375,0.1220703125,-0.096435546875,17:04:48.237994
3.0286880000000007,-0.0140380859375,-0.0140380859375,0.1220703125,-0.09521484375,17:04:48.241997
3.0327400000000004,-0.0152587890625,-0.0152587890625,0.1226806640625,-0.09521484375,17:04:48.245997
3.0367879999999996,-0.0146484375,-0.0146484375,0.1226806640625,-0.0958251953125,17:04:48.249996
3.0408480000000004,-0.0140380859375,-0.0140380859375,0.1220703125,-0.09521484375,17:04:48.254227
3.0448959999999996,-0.0152587890625,-0.0152587890625,0.120849609375,-0.096435546875,17:04:48.258818
3.0489440000000005,-0.0140380859375,-0.0140380859375,0.1220703125,-0.096435546875,17:04:48.262920
3.053000000000001,-0.0152587890625,-0.0152587890625,0.1220703125,-0.09521484375,17:04:48.267155
3.0570520000000005,-0.0140380859375,-0.0140380859375,0.123291015625,-0.096435546875,17:04:48.271150
3.0611040000000003,-0.0146484375,-0.0146484375,0.1226806640625,-0.09521484375,17:04:48.271150
3.0651519999999994,-0.0146484375,-0.0146484375,0.1226806640625,-0.096435546875,17:04:48.275159
3.0692079999999997,-0.0140380859375,-0.0140380859375,0.1214599609375,-0.09521484375,17:04:48.279159
3.0732680000000006,-0.0152587890625,-0.0152587890625,0.1220703125,-0.09521484375,17:04:48.283368
3.0773200000000003,-0.0140380859375,-0.0140380859375,0.1220703125,-0.0958251953125,17:04:48.287976
3.081372,-0.0140380859375,-0.0140380859375,0.1214599609375,-0.09521484375,17:04:48.291569
3.085420000000001,-0.0140380859375,-0.0140380859375,0.1214599609375,-0.096435546875,17:04:48.295667
3.089468,-0.0140380859375,-0.0140380859375,0.120849609375,-0.0958251953125,17:04:48.299792
3.09352,-0.0146484375,-0.0146484375,0.1220703125,-0.09521484375,17:04:48.304279
3.0975680000000008,-0.0140380859375,-0.0140380859375,0.120849609375,-0.09521484375,17:04:48.307964
3.1016080000000006,-0.0146484375,-0.0146484375,0.1226806640625,-0.0958251953125,17:04:48.312044
3.105644,-0.0152587890625,-0.0152587890625,0.1214599609375,-0.09521484375,17:04:48.316142
3.109692000000001,-0.013427734375,-0.013427734375,0.1214599609375,-0.0958251953125,17:04:48.320243
3.1137440000000005,-0.0140380859375,-0.0140380859375,0.1226806640625,-0.0958251953125,17:04:48.324343
3.1177919999999997,-0.0146484375,-0.0146484375,0.1214599609375,-0.0958251953125,17:04:48.328443
3.1218400000000006,-0.013427734375,-0.013427734375,0.1220703125,-0.0958251953125,17:04:48.332451
3.1258920000000003,-0.0140380859375,-0.0140380859375,0.120849609375,-0.0946044921875,17:04:48.337200
3.1299480000000006,-0.013427734375,-0.013427734375,0.123291015625,-0.0958251953125,17:04:48.340715
3.133996,-0.0146484375,-0.0146484375,0.1214599609375,-0.09521484375,17:04:48.344815
3.1380440000000007,-0.0146484375,-0.0146484375,0.1214599609375,-0.09521484375,17:04:48.348915
3.1420999999999992,-0.013427734375,-0.013427734375,0.1220703125,-0.0958251953125,17:04:48.353015
3.1461559999999995,-0.0140380859375,-0.0140380859375,0.1214599609375,-0.096435546875,17:04:48.357119
3.1502079999999992,-0.0146484375,-0.0146484375,0.1214599609375,-0.096435546875,17:04:48.361194
3.154256,-0.0152587890625,-0.0152587890625,0.1220703125,-0.096435546875,17:04:48.366210
3.158308,-0.0140380859375,-0.0140380859375,0.1220703125,-0.096435546875,17:04:48.369273
3.162364,-0.0140380859375,-0.0140380859375,0.1214599609375,-0.096435546875,17:04:48.373360
3.1664200000000005,-0.013427734375,-0.013427734375,0.1220703125,-0.09521484375,17:04:48.377362
3.170472,-0.0140380859375,-0.0140380859375,0.120849609375,-0.0958251953125,17:04:48.382263
3.174524,-0.0152587890625,-0.0152587890625,0.1226806640625,-0.0970458984375,17:04:48.385787
3.178572000000001,-0.0140380859375,-0.0140380859375,0.1220703125,-0.096435546875,17:04:48.389713
3.1826120000000007,-0.0146484375,-0.0146484375,0.1214599609375,-0.0958251953125,17:04:48.394069
3.1866559999999993,-0.0146484375,-0.0146484375,0.1214599609375,-0.0958251953125,17:04:48.398227
3.190696000000001,-0.0140380859375,-0.0140380859375,0.1220703125,-0.0958251953125,17:04:48.402231
3.194744,-0.0152587890625,-0.0152587890625,0.1220703125,-0.0958251953125,17:04:48.406229
3.198791999999999,-0.0152587890625,-0.0152587890625,0.1220703125,-0.096435546875,17:04:48.410344
3.20284,-0.0140380859375,-0.0140380859375,0.1226806640625,-0.096435546875,17:04:48.414214
3.2068840000000005,-0.0140380859375,-0.0140380859375,0.1220703125,-0.096435546875,17:04:48.418219
3.2109319999999997,-0.0140380859375,-0.0140380859375,0.120849609375,-0.09521484375,17:04:48.422219
3.2149800000000006,-0.0140380859375,-0.0140380859375,0.1220703125,-0.0958251953125,17:04:48.427215
3.219036000000001,-0.0140380859375,-0.0140380859375,0.123291015625,-0.096435546875,17:04:48.430845
3.223084,-0.013427734375,-0.013427734375,0.1214599609375,-0.096435546875,17:04:48.434944
3.227136,-0.0140380859375,-0.0140380859375,0.120849609375,-0.09521484375,17:04:48.439019
3.2311879999999995,-0.0152587890625,-0.0152587890625,0.1214599609375,-0.09521484375,17:04:48.443737
3.235244,-0.013427734375,-0.013427734375,0.1220703125,-0.096435546875,17:04:48.447215
3.2392959999999995,-0.013427734375,-0.013427734375,0.1220703125,-0.0958251953125,17:04:48.451315
3.2433479999999992,-0.0152587890625,-0.0152587890625,0.1220703125,-0.0958251953125,17:04:48.455419
3.247396,-0.0146484375,-0.0146484375,0.1214599609375,-0.0970458984375,17:04:48.459520
3.2514439999999993,-0.0140380859375,-0.0140380859375,0.1220703125,-0.0946044921875,17:04:48.463592
3.2554999999999996,-0.0146484375,-0.0146484375,0.1214599609375,-0.0958251953125,17:04:48.467694
3.2595480000000006,-0.0146484375,-0.0146484375,0.1214599609375,-0.0946044921875,17:04:48.471702
3.2636000000000003,-0.0146484375,-0.0146484375,0.1226806640625,-0.0958251953125,17:04:48.476443
3.2676479999999994,-0.0140380859375,-0.0140380859375,0.1220703125,-0.0958251953125,17:04:48.479461
3.2716960000000004,-0.0152587890625,-0.0152587890625,0.123291015625,-0.0958251953125,17:04:48.484462
3.2757439999999995,-0.0140380859375,-0.0140380859375,0.1214599609375,-0.09521484375,17:04:48.487460
3.2797839999999994,-0.0140380859375,-0.0140380859375,0.1226806640625,-0.09521484375,17:04:48.491986
3.2838279999999997,-0.015869140625,-0.015869140625,0.1220703125,-0.096435546875,17:04:48.496371
3.2878679999999996,-0.0146484375,-0.0146484375,0.1220703125,-0.0946044921875,17:04:48.500467
3.2919199999999993,-0.0146484375,-0.0146484375,0.1214599609375,-0.096435546875,17:04:48.504569
3.2959680000000002,-0.0140380859375,-0.0140380859375,0.1220703125,-0.09521484375,17:04:48.508665
3.3000159999999994,-0.013427734375,-0.013427734375,0.1214599609375,-0.0946044921875,17:04:48.512675
3.304068000000001,-0.0140380859375,-0.0140380859375,0.1226806640625,-0.0958251953125,17:04:48.516675
3.3081239999999994,-0.013427734375,-0.013427734375,0.1214599609375,-0.0958251953125,17:04:48.520675
3.3121720000000003,-0.0146484375,-0.0146484375,0.1220703125,-0.096435546875,17:04:48.525042
3.316224,-0.0146484375,-0.0146484375,0.1220703125,-0.09521484375,17:04:48.529144
3.320276,-0.013427734375,-0.013427734375,0.1220703125,-0.09521484375,17:04:48.533151
3.324332,-0.0152587890625,-0.0152587890625,0.1214599609375,-0.0958251953125,17:04:48.537730
3.3283959999999997,-0.0146484375,-0.0146484375,0.1220703125,-0.0958251953125,17:04:48.541748
3.3324440000000006,-0.0140380859375,-0.0140380859375,0.1226806640625,-0.0946044921875,17:04:48.545745
3.3364960000000004,-0.013427734375,-0.013427734375,0.1214599609375,-0.09521484375,17:04:48.548745
3.3405439999999995,-0.0140380859375,-0.0140380859375,0.123291015625,-0.096435546875,17:04:48.553246
3.3446,-0.0146484375,-0.0146484375,0.1214599609375,-0.0958251953125,17:04:48.557820
3.3486519999999995,-0.0146484375,-0.0146484375,0.1220703125,-0.09521484375,17:04:48.561893
3.3527039999999992,-0.0146484375,-0.0146484375,0.1226806640625,-0.09521484375,17:04:48.566018
3.3567560000000007,-0.013427734375,-0.013427734375,0.1220703125,-0.096435546875,17:04:48.570094
3.3607960000000006,-0.0140380859375,-0.0140380859375,0.1220703125,-0.09521484375,17:04:48.574984
3.3648439999999997,-0.0140380859375,-0.0140380859375,0.1214599609375,-0.096435546875,17:04:48.578293
3.3688839999999995,-0.0140380859375,-0.0140380859375,0.1226806640625,-0.09521484375,17:04:48.582321
3.372928,-0.0146484375,-0.0146484375,0.1220703125,-0.0958251953125,17:04:48.586322
3.376984,-0.013427734375,-0.013427734375,0.1214599609375,-0.096435546875,17:04:48.589844
3.381024,-0.0140380859375,-0.0140380859375,0.1220703125,-0.096435546875,17:04:48.593844
3.3850680000000004,-0.0146484375,-0.0146484375,0.1226806640625,-0.0958251953125,17:04:48.598792
3.3891159999999996,-0.0152587890625,-0.0152587890625,0.120849609375,-0.09521484375,17:04:48.602868
3.3931679999999993,-0.0152587890625,-0.0152587890625,0.1226806640625,-0.09521484375,17:04:48.606851
3.3972239999999996,-0.0140380859375,-0.0140380859375,0.1226806640625,-0.0970458984375,17:04:48.610855
3.4012840000000004,-0.0140380859375,-0.0140380859375,0.1214599609375,-0.0958251953125,17:04:48.614854
3.405336,-0.0140380859375,-0.0140380859375,0.1214599609375,-0.09521484375,17:04:48.618854
3.4093839999999993,-0.0146484375,-0.0146484375,0.1226806640625,-0.0946044921875,17:04:48.623344
3.4134399999999996,-0.0140380859375,-0.0140380859375,0.1220703125,-0.09521484375,17:04:48.627445
3.4174919999999993,-0.0140380859375,-0.0140380859375,0.1202392578125,-0.096435546875,17:04:48.631517
3.4215400000000002,-0.0146484375,-0.0146484375,0.1220703125,-0.09521484375,17:04:48.635608
3.425592,-0.0152587890625,-0.0152587890625,0.1226806640625,-0.096435546875,17:04:48.639188
3.4296480000000003,-0.0152587890625,-0.0152587890625,0.1220703125,-0.096435546875,17:04:48.643188
3.4337040000000005,-0.0140380859375,-0.0140380859375,0.120849609375,-0.096435546875,17:04:48.647188
3.4377639999999996,-0.0146484375,-0.0146484375,0.1214599609375,-0.09521484375,17:04:48.652018
3.4418120000000005,-0.0146484375,-0.0146484375,0.1214599609375,-0.09521484375,17:04:48.656094
3.4458640000000003,-0.013427734375,-0.013427734375,0.1214599609375,-0.096435546875,17:04:48.660193
3.449916,-0.0146484375,-0.0146484375,0.1226806640625,-0.096435546875,17:04:48.664294
3.453956,-0.0140380859375,-0.0140380859375,0.1220703125,-0.096435546875,17:04:48.664294
3.4579959999999996,-0.0146484375,-0.0146484375,0.1214599609375,-0.09521484375,17:04:48.669065
3.4620359999999994,-0.0146484375,-0.0146484375,0.120849609375,-0.096435546875,17:04:48.672466
3.4660919999999997,-0.0140380859375,-0.0140380859375,0.1220703125,-0.0958251953125,17:04:48.676568
3.4701400000000007,-0.0140380859375,-0.0140380859375,0.1214599609375,-0.0958251953125,17:04:48.680669
3.4741920000000004,-0.013427734375,-0.013427734375,0.1226806640625,-0.0970458984375,17:04:48.684792
3.4782399999999996,-0.013427734375,-0.013427734375,0.1214599609375,-0.09521484375,17:04:48.688801
3.4822919999999993,-0.0140380859375,-0.0140380859375,0.1214599609375,-0.09521484375,17:04:48.692968
3.48634,-0.0146484375,-0.0146484375,0.1220703125,-0.096435546875,17:04:48.697044
3.4903960000000005,-0.0140380859375,-0.0140380859375,0.1202392578125,-0.096435546875,17:04:48.701918
3.494448,-0.0146484375,-0.0146484375,0.1214599609375,-0.096435546875,17:04:48.704921
3.4984959999999994,-0.015869140625,-0.015869140625,0.1220703125,-0.0958251953125,17:04:48.708922
3.5025440000000003,-0.013427734375,-0.013427734375,0.1214599609375,-0.0946044921875,17:04:48.712921
3.5065880000000007,-0.0140380859375,-0.0140380859375,0.123291015625,-0.09521484375,17:04:48.717543
3.510636,-0.0152587890625,-0.0152587890625,0.1214599609375,-0.0958251953125,17:04:48.721619
3.5146800000000002,-0.0140380859375,-0.0140380859375,0.1214599609375,-0.096435546875,17:04:48.725792
3.5187279999999994,-0.0140380859375,-0.0140380859375,0.1220703125,-0.096435546875,17:04:48.730349
3.5227839999999997,-0.0146484375,-0.0146484375,0.1220703125,-0.096435546875,17:04:48.733915
3.52684,-0.0146484375,-0.0146484375,0.1220703125,-0.0970458984375,17:04:48.738019
3.530888000000001,-0.013427734375,-0.013427734375,0.1226806640625,-0.0958251953125,17:04:48.742118
3.534936,-0.013427734375,-0.013427734375,0.120849609375,-0.0946044921875,17:04:48.746127
3.538976,-0.0152587890625,-0.0152587890625,0.120849609375,-0.0958251953125,17:04:48.750128
3.543024000000001,-0.0146484375,-0.0146484375,0.1214599609375,-0.096435546875,17:04:48.754128
3.54706,-0.0146484375,-0.0146484375,0.123291015625,-0.096435546875,17:04:48.758492
3.5511040000000005,-0.0146484375,-0.0146484375,0.1220703125,-0.096435546875,17:04:48.763162
3.5551600000000008,-0.0140380859375,-0.0140380859375,0.1214599609375,-0.0970458984375,17:04:48.767341
3.5592000000000006,-0.0140380859375,-0.0140380859375,0.1214599609375,-0.09521484375,17:04:48.770799
3.563243999999999,-0.0152587890625,-0.0152587890625,0.1220703125,-0.096435546875,17:04:48.774868
3.567292,-0.0140380859375,-0.0140380859375,0.123291015625,-0.0958251953125,17:04:48.778965
3.571344,-0.013427734375,-0.013427734375,0.1220703125,-0.0970458984375,17:04:48.783068
3.5754,-0.0152587890625,-0.0152587890625,0.1214599609375,-0.0958251953125,17:04:48.787143
3.57944,-0.0140380859375,-0.0140380859375,0.1214599609375,-0.09521484375,17:04:48.791243
3.583488000000001,-0.0152587890625,-0.0152587890625,0.1214599609375,-0.0958251953125,17:04:48.796021
3.5875400000000006,-0.0152587890625,-0.0152587890625,0.1220703125,-0.096435546875,17:04:48.800187
3.591596000000001,-0.0152587890625,-0.0152587890625,0.1214599609375,-0.09521484375,17:04:48.803186
3.5956480000000006,-0.0152587890625,-0.0152587890625,0.1202392578125,-0.096435546875,17:04:48.807186
3.599696,-0.0152587890625,-0.0152587890625,0.120849609375,-0.09521484375,17:04:48.811185
3.6037479999999995,-0.013427734375,-0.013427734375,0.1226806640625,-0.0958251953125,17:04:48.815859
3.607804,-0.0140380859375,-0.0140380859375,0.1226806640625,-0.096435546875,17:04:48.819920
3.61186,-0.013427734375,-0.013427734375,0.1214599609375,-0.096435546875,17:04:48.824104
3.6159160000000004,-0.0140380859375,-0.0140380859375,0.1220703125,-0.096435546875,17:04:48.828100
3.6199639999999995,-0.013427734375,-0.013427734375,0.1214599609375,-0.0958251953125,17:04:48.832107
3.6240120000000005,-0.0140380859375,-0.0140380859375,0.1220703125,-0.0958251953125,17:04:48.836106
3.6280599999999996,-0.0146484375,-0.0146484375,0.1214599609375,-0.09521484375,17:04:48.840418
3.6321080000000006,-0.0140380859375,-0.0140380859375,0.1214599609375,-0.09521484375,17:04:48.844438
3.6361480000000004,-0.0140380859375,-0.0140380859375,0.1226806640625,-0.0958251953125,17:04:48.848435
3.6401920000000008,-0.0140380859375,-0.0140380859375,0.1214599609375,-0.09521484375,17:04:48.852695
3.6442479999999993,-0.0140380859375,-0.0140380859375,0.1220703125,-0.0946044921875,17:04:48.857310
3.648288000000001,-0.0140380859375,-0.0140380859375,0.1226806640625,-0.0958251953125,17:04:48.860326
3.6523319999999995,-0.015869140625,-0.015869140625,0.1220703125,-0.096435546875,17:04:48.864536
3.6563800000000004,-0.0152587890625,-0.0152587890625,0.1214599609375,-0.0946044921875,17:04:48.868876
3.6604279999999996,-0.0140380859375,-0.0140380859375,0.1226806640625,-0.0946044921875,17:04:48.873195
3.664484,-0.0152587890625,-0.0152587890625,0.1220703125,-0.096435546875,17:04:48.877270
3.6685359999999996,-0.0140380859375,-0.0140380859375,0.120849609375,-0.096435546875,17:04:48.881369
3.6725759999999994,-0.0146484375,-0.0146484375,0.1214599609375,-0.0946044921875,17:04:48.885471
3.6766319999999997,-0.013427734375,-0.013427734375,0.1214599609375,-0.0958251953125,17:04:48.890262
3.6806839999999994,-0.0146484375,-0.0146484375,0.1214599609375,-0.0958251953125,17:04:48.893346
3.684748000000001,-0.0140380859375,-0.0140380859375,0.120849609375,-0.0958251953125,17:04:48.897345
3.6888000000000005,-0.0152587890625,-0.0152587890625,0.1220703125,-0.0958251953125,17:04:48.901345
3.6928479999999997,-0.0146484375,-0.0146484375,0.1226806640625,-0.09521484375,17:04:48.905499
3.6969080000000005,-0.0146484375,-0.0146484375,0.1220703125,-0.093994140625,17:04:48.910049
3.7009600000000002,-0.013427734375,-0.013427734375,0.1220703125,-0.0958251953125,17:04:48.914144
3.7050160000000005,-0.0128173828125,-0.0128173828125,0.1226806640625,-0.09521484375,17:04:48.918040
3.7090560000000004,-0.0140380859375,-0.0140380859375,0.1220703125,-0.096435546875,17:04:48.922313
3.713108,-0.0140380859375,-0.0140380859375,0.1220703125,-0.0946044921875,17:04:48.926419
3.7171559999999992,-0.0140380859375,-0.0140380859375,0.1220703125,-0.0958251953125,17:04:48.930518
3.721204,-0.013427734375,-0.013427734375,0.1220703125,-0.096435546875,17:04:48.934618
3.725244,-0.0146484375,-0.0146484375,0.1220703125,-0.096435546875,17:04:48.938718
3.729284,-0.0140380859375,-0.0140380859375,0.1220703125,-0.096435546875,17:04:48.942818
3.73334,-0.013427734375,-0.013427734375,0.1214599609375,-0.096435546875,17:04:48.946918
3.73738,-0.0146484375,-0.0146484375,0.1220703125,-0.0958251953125,17:04:48.950822
3.7414240000000003,-0.013427734375,-0.013427734375,0.1220703125,-0.0970458984375,17:04:48.954837
3.7454719999999995,-0.0140380859375,-0.0140380859375,0.1214599609375,-0.0958251953125,17:04:48.958837
3.749523999999999,-0.0140380859375,-0.0140380859375,0.1214599609375,-0.0958251953125,17:04:48.962836
3.7535679999999996,-0.0146484375,-0.0146484375,0.1226806640625,-0.0958251953125,17:04:48.966836
3.7576160000000005,-0.013427734375,-0.013427734375,0.1220703125,-0.096435546875,17:04:48.971471
3.7616680000000002,-0.0140380859375,-0.0140380859375,0.1220703125,-0.09521484375,17:04:48.975568
3.7657120000000006,-0.0140380859375,-0.0140380859375,0.1226806640625,-0.09521484375,17:04:48.979942
3.7697719999999997,-0.0146484375,-0.0146484375,0.1226806640625,-0.0958251953125,17:04:48.984075
3.7738239999999994,-0.0152587890625,-0.0152587890625,0.123291015625,-0.0958251953125,17:04:48.987147
3.7778720000000003,-0.0152587890625,-0.0152587890625,0.1214599609375,-0.096435546875,17:04:48.991663
3.781924,-0.0146484375,-0.0146484375,0.1226806640625,-0.0958251953125,17:04:48.995673
3.7859800000000003,-0.013427734375,-0.013427734375,0.1220703125,-0.096435546875,17:04:49.000143
3.7900360000000006,-0.0140380859375,-0.0140380859375,0.1214599609375,-0.0958251953125,17:04:49.004244
3.794092000000001,-0.0146484375,-0.0146484375,0.1214599609375,-0.0958251953125,17:04:49.008344
3.7981320000000007,-0.0152587890625,-0.0152587890625,0.1220703125,-0.09521484375,17:04:49.012443
3.80218,-0.0140380859375,-0.0140380859375,0.1226806640625,-0.0970458984375,17:04:49.017336
3.8062199999999997,-0.0140380859375,-0.0140380859375,0.1220703125,-0.0958251953125,17:04:49.020333
3.8102719999999994,-0.0152587890625,-0.0152587890625,0.1214599609375,-0.0958251953125,17:04:49.024337
3.8143119999999993,-0.0146484375,-0.0146484375,0.1220703125,-0.0958251953125,17:04:49.028337
3.8183480000000003,-0.0140380859375,-0.0140380859375,0.1220703125,-0.096435546875,17:04:49.032437
3.822388,-0.0146484375,-0.0146484375,0.1220703125,-0.0958251953125,17:04:49.036452
3.8264359999999993,-0.0140380859375,-0.0140380859375,0.1214599609375,-0.0958251953125,17:04:49.040453
3.830484,-0.0140380859375,-0.0140380859375,0.1220703125,-0.0970458984375,17:04:49.040453
3.8345319999999994,-0.0140380859375,-0.0140380859375,0.1214599609375,-0.096435546875,17:04:49.045448
3.8385800000000003,-0.0146484375,-0.0146484375,0.1214599609375,-0.0970458984375,17:04:49.049294
3.8426399999999994,-0.0146484375,-0.0146484375,0.1220703125,-0.0958251953125,17:04:49.053393
3.8466880000000003,-0.013427734375,-0.013427734375,0.1220703125,-0.096435546875,17:04:49.057493
3.8507320000000007,-0.0146484375,-0.0146484375,0.1214599609375,-0.0946044921875,17:04:49.061568
3.8547840000000004,-0.0152587890625,-0.0152587890625,0.1226806640625,-0.0958251953125,17:04:49.065668
3.8588400000000007,-0.0140380859375,-0.0140380859375,0.1220703125,-0.096435546875,17:04:49.069792
3.862888,-0.0146484375,-0.0146484375,0.1214599609375,-0.0958251953125,17:04:49.073867
3.8669320000000003,-0.013427734375,-0.013427734375,0.1226806640625,-0.096435546875,17:04:49.078321
3.8709799999999994,-0.0140380859375,-0.0140380859375,0.1214599609375,-0.09521484375,17:04:49.082319
3.875032000000001,-0.0152587890625,-0.0152587890625,0.1220703125,-0.096435546875,17:04:49.086317
3.8790879999999994,-0.0146484375,-0.0146484375,0.1214599609375,-0.09521484375,17:04:49.090317
3.8831360000000004,-0.0146484375,-0.0146484375,0.1226806640625,-0.0958251953125,17:04:49.094887
3.887188,-0.0140380859375,-0.0140380859375,0.1220703125,-0.0970458984375,17:04:49.098444
3.8912359999999993,-0.0140380859375,-0.0140380859375,0.1220703125,-0.0958251953125,17:04:49.102543
3.8952720000000003,-0.0152587890625,-0.0152587890625,0.1220703125,-0.09521484375,17:04:49.107205
3.8993160000000007,-0.0146484375,-0.0146484375,0.1220703125,-0.0958251953125,17:04:49.110795
3.9033599999999993,-0.0146484375,-0.0146484375,0.1214599609375,-0.096435546875,17:04:49.114817
3.9074159999999996,-0.0152587890625,-0.0152587890625,0.1220703125,-0.09521484375,17:04:49.118918
3.9114559999999994,-0.015869140625,-0.015869140625,0.1214599609375,-0.096435546875,17:04:49.123018
3.9154999999999998,-0.013427734375,-0.013427734375,0.120849609375,-0.0958251953125,17:04:49.127514
3.9195480000000007,-0.0146484375,-0.0146484375,0.1220703125,-0.0958251953125,17:04:49.131218
3.9236000000000004,-0.0146484375,-0.0146484375,0.1214599609375,-0.09521484375,17:04:49.135294
3.9276560000000007,-0.0152587890625,-0.0152587890625,0.1226806640625,-0.09521484375,17:04:49.139568
3.9316960000000005,-0.0146484375,-0.0146484375,0.1214599609375,-0.0958251953125,17:04:49.143502
3.9357439999999997,-0.0140380859375,-0.0140380859375,0.1226806640625,-0.09521484375,17:04:49.147505
3.9398,-0.0146484375,-0.0146484375,0.1220703125,-0.0958251953125,17:04:49.151505
3.9438519999999997,-0.0152587890625,-0.0152587890625,0.1226806640625,-0.09521484375,17:04:49.155513
3.9479039999999994,-0.0140380859375,-0.0140380859375,0.1226806640625,-0.09521484375,17:04:49.159869
3.9519439999999992,-0.0140380859375,-0.0140380859375,0.1214599609375,-0.0958251953125,17:04:49.163968
3.9559960000000007,-0.0146484375,-0.0146484375,0.1220703125,-0.09521484375,17:04:49.168064
3.960044,-0.0140380859375,-0.0140380859375,0.1220703125,-0.0958251953125,17:04:49.172292
3.964092000000001,-0.0152587890625,-0.0152587890625,0.1214599609375,-0.096435546875,17:04:49.176317
3.9681320000000007,-0.013427734375,-0.013427734375,0.120849609375,-0.096435546875,17:04:49.180320
3.97218,-0.0140380859375,-0.0140380859375,0.1220703125,-0.0958251953125,17:04:49.184319
3.9762319999999995,-0.0146484375,-0.0146484375,0.1214599609375,-0.09521484375,17:04:49.188544
3.980276,-0.0128173828125,-0.0128173828125,0.1220703125,-0.0958251953125,17:04:49.192644
3.9843279999999996,-0.0140380859375,-0.0140380859375,0.1220703125,-0.096435546875,17:04:49.196792
3.9883559999999996,-0.0152587890625,-0.0152587890625,0.1220703125,-0.0958251953125,17:04:49.200843
3.992412,-0.0146484375,-0.0146484375,0.1214599609375,-0.096435546875,17:04:49.205254
3.9964519999999997,-0.013427734375,-0.013427734375,0.1220703125,-0.096435546875,17:04:49.209267
4.000500000000001,-0.0152587890625,-0.0152587890625,0.1220703125,-0.0946044921875,17:04:49.213270
4.004548,-0.015869140625,-0.015869140625,0.1220703125,-0.0958251953125,17:04:49.217265
4.008596000000001,-0.0140380859375,-0.0140380859375,0.1226806640625,-0.0970458984375,17:04:49.221319
4.012651999999999,-0.0140380859375,-0.0140380859375,0.1220703125,-0.0958251953125,17:04:49.225419
4.0167,-0.0140380859375,-0.0140380859375,0.1214599609375,-0.096435546875,17:04:49.229519
4.020752,-0.0140380859375,-0.0140380859375,0.1220703125,-0.0958251953125,17:04:49.235537
4.024804,-0.0146484375,-0.0146484375,0.1220703125,-0.0958251953125,17:04:49.237539
4.028855999999999,-0.0152587890625,-0.0152587890625,0.1220703125,-0.0958251953125,17:04:49.241616
4.032912,-0.0140380859375,-0.0140380859375,0.1220703125,-0.0958251953125,17:04:49.245607
4.0369600000000005,-0.0140380859375,-0.0140380859375,0.1220703125,-0.0958251953125,17:04:49.250530
4.041012,-0.0140380859375,-0.0140380859375,0.120849609375,-0.09521484375,17:04:49.254031
4.045059999999999,-0.013427734375,-0.013427734375,0.1220703125,-0.096435546875,17:04:49.258037
4.049116,-0.0146484375,-0.0146484375,0.120849609375,-0.09521484375,17:04:49.262038
4.053176000000001,-0.0140380859375,-0.0140380859375,0.1226806640625,-0.0958251953125,17:04:49.266038
4.057228,-0.0140380859375,-0.0140380859375,0.120849609375,-0.0970458984375,17:04:49.270470
4.061275999999999,-0.0146484375,-0.0146484375,0.1226806640625,-0.096435546875,17:04:49.274563
4.065315999999999,-0.0146484375,-0.0146484375,0.1214599609375,-0.096435546875,17:04:49.278569
4.06936,-0.0146484375,-0.0146484375,0.120849609375,-0.0946044921875,17:04:49.283397
4.0733999999999995,-0.0146484375,-0.0146484375,0.1220703125,-0.09521484375,17:04:49.286866
4.077439999999999,-0.0146484375,-0.0146484375,0.1220703125,-0.0958251953125,17:04:49.290890
4.081480000000001,-0.0146484375,-0.0146484375,0.1214599609375,-0.0958251953125,17:04:49.295042
4.085528,-0.0152587890625,-0.0152587890625,0.1214599609375,-0.096435546875,17:04:49.299573
4.089572,-0.0146484375,-0.0146484375,0.1220703125,-0.0958251953125,17:04:49.302576
4.09362,-0.0140380859375,-0.0140380859375,0.1220703125,-0.09521484375,17:04:49.307574
4.097671999999999,-0.013427734375,-0.013427734375,0.1214599609375,-0.0958251953125,17:04:49.311417
4.101724000000001,-0.0152587890625,-0.0152587890625,0.1202392578125,-0.0946044921875,17:04:49.316092
4.1057760000000005,-0.0146484375,-0.0146484375,0.123291015625,-0.09521484375,17:04:49.319616
4.109824,-0.0146484375,-0.0146484375,0.1226806640625,-0.09521484375,17:04:49.323790
4.113868,-0.015869140625,-0.015869140625,0.1226806640625,-0.09521484375,17:04:49.327819
4.117924,-0.013427734375,-0.013427734375,0.1214599609375,-0.09521484375,17:04:49.331920
4.1219719999999995,-0.0146484375,-0.0146484375,0.1220703125,-0.09521484375,17:04:49.335993
4.126023999999999,-0.0140380859375,-0.0140380859375,0.1226806640625,-0.0970458984375,17:04:49.340094
4.130076000000001,-0.0152587890625,-0.0152587890625,0.123291015625,-0.0946044921875,17:04:49.344112
4.1341280000000005,-0.0140380859375,-0.0140380859375,0.1214599609375,-0.09521484375,17:04:49.347994
4.138176,-0.015869140625,-0.015869140625,0.1214599609375,-0.0946044921875,17:04:49.351999
4.142227999999999,-0.0146484375,-0.0146484375,0.1214599609375,-0.09521484375,17:04:49.355999
4.146267999999999,-0.013427734375,-0.013427734375,0.1214599609375,-0.0958251953125,17:04:49.359998
4.150308000000001,-0.0146484375,-0.0146484375,0.123291015625,-0.096435546875,17:04:49.364667
4.154351999999999,-0.0140380859375,-0.0140380859375,0.1214599609375,-0.096435546875,17:04:49.368789
4.158391999999999,-0.0140380859375,-0.0140380859375,0.1220703125,-0.0946044921875,17:04:49.372864
4.162432000000001,-0.0140380859375,-0.0140380859375,0.1220703125,-0.09521484375,17:04:49.377550
4.166487999999999,-0.0140380859375,-0.0140380859375,0.1220703125,-0.09521484375,17:04:49.380567
4.170528000000001,-0.015869140625,-0.015869140625,0.1220703125,-0.09521484375,17:04:49.385579
4.1745719999999995,-0.0146484375,-0.0146484375,0.1214599609375,-0.09521484375,17:04:49.388579
4.1786200000000004,-0.0152587890625,-0.0152587890625,0.1214599609375,-0.0958251953125,17:04:49.392577
4.182672,-0.0140380859375,-0.0140380859375,0.123291015625,-0.096435546875,17:04:49.397450
4.1867280000000004,-0.0140380859375,-0.0140380859375,0.1220703125,-0.096435546875,17:04:49.401540
4.190776,-0.0140380859375,-0.0140380859375,0.120849609375,-0.096435546875,17:04:49.405613
4.1948240000000006,-0.0152587890625,-0.0152587890625,0.1226806640625,-0.0958251953125,17:04:49.409401
4.198880000000001,-0.015869140625,-0.015869140625,0.1220703125,-0.0958251953125,17:04:49.413405
4.202935999999999,-0.0140380859375,-0.0140380859375,0.1226806640625,-0.0958251953125,17:04:49.417405
4.206975999999999,-0.0128173828125,-0.0128173828125,0.1214599609375,-0.0958251953125,17:04:49.418402
4.2110199999999995,-0.0140380859375,-0.0140380859375,0.1220703125,-0.0958251953125,17:04:49.422402
4.2150680000000005,-0.0140380859375,-0.0140380859375,0.1214599609375,-0.0958251953125,17:04:49.426094
4.2191279999999995,-0.0146484375,-0.0146484375,0.123291015625,-0.0958251953125,17:04:49.430190
4.223172,-0.0152587890625,-0.0152587890625,0.1214599609375,-0.0958251953125,17:04:49.433765
4.227228,-0.0140380859375,-0.0140380859375,0.1220703125,-0.0958251953125,17:04:49.438688
4.231268,-0.0146484375,-0.0146484375,0.1220703125,-0.0958251953125,17:04:49.443054
4.23532,-0.0140380859375,-0.0140380859375,0.1239013671875,-0.09521484375,17:04:49.446074
4.239368000000001,-0.0152587890625,-0.0152587890625,0.1220703125,-0.0958251953125,17:04:49.452069
4.243416,-0.0128173828125,-0.0128173828125,0.120849609375,-0.0970458984375,17:04:49.455068
4.247456,-0.0140380859375,-0.0140380859375,0.1220703125,-0.096435546875,17:04:49.459069
4.251504000000001,-0.0140380859375,-0.0140380859375,0.1220703125,-0.0958251953125,17:04:49.463067
4.255544,-0.013427734375,-0.013427734375,0.123291015625,-0.096435546875,17:04:49.467070
4.259592,-0.0152587890625,-0.0152587890625,0.1214599609375,-0.0958251953125,17:04:49.471142
4.263636,-0.0140380859375,-0.0140380859375,0.1220703125,-0.0958251953125,17:04:49.475135
4.267688,-0.013427734375,-0.013427734375,0.1226806640625,-0.0958251953125,17:04:49.479077
4.271732,-0.0140380859375,-0.0140380859375,0.120849609375,-0.09521484375,17:04:49.483088
4.275791999999999,-0.0146484375,-0.0146484375,0.1214599609375,-0.0958251953125,17:04:49.487086
4.279832000000001,-0.0146484375,-0.0146484375,0.1214599609375,-0.0958251953125,17:04:49.491086
4.2838840000000005,-0.0146484375,-0.0146484375,0.1220703125,-0.0958251953125,17:04:49.495788
4.287936,-0.0146484375,-0.0146484375,0.1220703125,-0.0958251953125,17:04:49.499510
4.2919920000000005,-0.0146484375,-0.0146484375,0.1220703125,-0.0958251953125,17:04:49.503917
4.29604,-0.0140380859375,-0.0140380859375,0.1214599609375,-0.0958251953125,17:04:49.508729
4.3000799999999995,-0.01220703125,-0.01220703125,0.1226806640625,-0.0946044921875,17:04:49.512116
4.30414,-0.0152587890625,-0.0152587890625,0.1220703125,-0.096435546875,17:04:49.516178
4.308196000000001,-0.0140380859375,-0.0140380859375,0.1220703125,-0.0970458984375,17:04:49.520292
4.312239999999999,-0.0140380859375,-0.0140380859375,0.1214599609375,-0.09521484375,17:04:49.524393
4.316280000000001,-0.0152587890625,-0.0152587890625,0.1220703125,-0.09521484375,17:04:49.528401
4.3203320000000005,-0.0140380859375,-0.0140380859375,0.1220703125,-0.096435546875,17:04:49.532593
4.32438,-0.0146484375,-0.0146484375,0.1214599609375,-0.09521484375,17:04:49.536693
4.328424,-0.0146484375,-0.0146484375,0.1226806640625,-0.09521484375,17:04:49.541363
4.332464,-0.0152587890625,-0.0152587890625,0.120849609375,-0.09521484375,17:04:49.545381
4.336500000000001,-0.0146484375,-0.0146484375,0.1214599609375,-0.09521484375,17:04:49.549378
4.340552000000001,-0.0140380859375,-0.0140380859375,0.120849609375,-0.096435546875,17:04:49.553377
4.3446,-0.0146484375,-0.0146484375,0.1226806640625,-0.096435546875,17:04:49.557378
4.348644,-0.0146484375,-0.0146484375,0.1214599609375,-0.09521484375,17:04:49.560908
4.352691999999999,-0.0140380859375,-0.0140380859375,0.1220703125,-0.09521484375,17:04:49.565374
4.35674,-0.0146484375,-0.0146484375,0.1220703125,-0.096435546875,17:04:49.569444
4.360796000000001,-0.0146484375,-0.0146484375,0.1220703125,-0.09521484375,17:04:49.573952
4.364839999999999,-0.0146484375,-0.0146484375,0.1220703125,-0.0958251953125,17:04:49.577660
4.368888,-0.0146484375,-0.0146484375,0.1220703125,-0.0958251953125,17:04:49.581666
4.37294,-0.0140380859375,-0.0140380859375,0.1220703125,-0.09521484375,17:04:49.585678
4.376996,-0.0146484375,-0.0146484375,0.1226806640625,-0.0946044921875,17:04:49.589939
4.381043999999999,-0.0152587890625,-0.0152587890625,0.1226806640625,-0.09521484375,17:04:49.594044
4.385096000000001,-0.0140380859375,-0.0140380859375,0.1214599609375,-0.0958251953125,17:04:49.598118
4.389156,-0.0140380859375,-0.0140380859375,0.1214599609375,-0.09521484375,17:04:49.602215
4.393216000000001,-0.0146484375,-0.0146484375,0.1214599609375,-0.0958251953125,17:04:49.606715
4.397268,-0.013427734375,-0.013427734375,0.1220703125,-0.0958251953125,17:04:49.610416
4.40132,-0.0140380859375,-0.0140380859375,0.1214599609375,-0.09521484375,17:04:49.614292
4.405372,-0.013427734375,-0.013427734375,0.1220703125,-0.0946044921875,17:04:49.618291
4.409420000000001,-0.0140380859375,-0.0140380859375,0.1220703125,-0.0958251953125,17:04:49.622292
4.413460000000001,-0.013427734375,-0.013427734375,0.1220703125,-0.0958251953125,17:04:49.626291
4.417503999999999,-0.0152587890625,-0.0152587890625,0.1220703125,-0.096435546875,17:04:49.630893
4.421544000000001,-0.013427734375,-0.013427734375,0.1220703125,-0.0946044921875,17:04:49.635608
4.425592,-0.0140380859375,-0.0140380859375,0.1226806640625,-0.0946044921875,17:04:49.639092
4.429639999999999,-0.0140380859375,-0.0140380859375,0.1220703125,-0.0958251953125,17:04:49.643191
4.433688,-0.0146484375,-0.0146484375,0.1226806640625,-0.09521484375,17:04:49.647265
4.4377320000000005,-0.0140380859375,-0.0140380859375,0.1214599609375,-0.09521484375,17:04:49.651394
4.44178,-0.0140380859375,-0.0140380859375,0.120849609375,-0.0958251953125,17:04:49.655467
4.445831999999999,-0.0140380859375,-0.0140380859375,0.120849609375,-0.0958251953125,17:04:49.659568
4.449876,-0.0152587890625,-0.0152587890625,0.1214599609375,-0.096435546875,17:04:49.663643
